University_name,University SHC URL,Count of keywords matching webpages on SHC,Keywords matched webpages on SHC,Total word count on all pages,Reading ease,Grade level,Prevalence_metric,Condom,Condoms,Similarity,Sentiment objectivity,Sentiment polarity,Timeliness,Navigation,Trace,Data found
Montana State University Northern,https://www.msun.edu/health,,,,,,,,,,,,,,,0
Alabama A & M University,https://www.aamu.edu/campus-life/student-support/health-services,,,,,,,,,,,,,,,0
University of Alabama at Birmingham,https://www.uab.edu/students/health,,,,,,,,,,,,,,,0
University of Alabama in Huntsville,https://www.uah.edu/health-and-wellness/student-health-center,,,,,,,,,,,,,,,0
Alabama State University,https://www.alasu.edu/current-students/wellness-safety/health-center/health-center,,,,,,,,,,,,,,,0
The University of Alabama,https://shc.sa.ua.edu,1,['https://shc.sa.ua.edu/faq/'],6195,59.38,9.43,4,2,2,0.032,0.543,0.064,[-1],1,"['https://shc.sa.ua.edu', 'https://shc.sa.ua.edu/faq/']",1
Auburn University at Montgomery,http://www.aum.edu/current-students/health-and-wellness/student-health-services,,,,,,,,,,,,,,,0
Auburn University,https://cws.auburn.edu/aumc,,,,,,,,,,,,,,,0
Jacksonville State University,http://www.jsu.edu/studenthealth,1,['http://www.jsu.edu/studenthealth/educational-services.html'],344,80.64,5.29,1,1,0,0.026,0.519,0.258,[-1],1,"['http://www.jsu.edu/studenthealth', 'http://www.jsu.edu/studenthealth/educational-services.html']",1
University of West Alabama,https://www.uwa.edu/admissions/undergraduate/studenthealthservices,,,,,,,,,,,,,,,0
University of Montevallo,https://www.montevallo.edu/campus-life/student-services/student-health-services,,,,,,,,,,,,,,,0
University of North Alabama,https://www.una.edu/healthservices,3,"['https://www.una.edu/healthservices/health-tips/sexual-health.html', 'https://www.una.edu/healthservices/programs-and-requests.html', 'https://www.una.edu/healthservices/health-tips/medical-information.html']",2215,67.86,7,10,7,3,0.072,0.482,0.161,"[-1, -1, -1]",-1,[],1
University of South Alabama,https://www.southalabama.edu/departments/studenthealth,,,,,,,,,,,,,,,0
Troy University,https://www.troy.edu/student-life-resources/student-resources/health-center,,,,,,,,,,,,,,,0
University of Alaska Anchorage,https://www.uaa.alaska.edu/students/health-safety/health-counseling-center,1,['https://www.uaa.alaska.edu/students/health-safety/health-counseling-center/policies-faq.cshtml'],4129,81.19,4.87,2,1,1,0.02,0.724,0.016,[-1],1,"['https://www.uaa.alaska.edu/students/health-safety/health-counseling-center', 'https://www.uaa.alaska.edu/students/health-safety/health-counseling-center/policies-faq.cshtml']",1
University of Alaska Fairbanks,https://uaf.edu/chc,,,,,,,,,,,,,,,0
University of Alaska Southeast,https://www.uas.alaska.edu/juneau/health,1,['https://www.uas.alaska.edu/juneau/health/faq.html'],984,52.13,11.21,2,1,1,0.028,0.687,0.1,[-1],1,"['https://www.uas.alaska.edu/juneau/health', 'https://www.uas.alaska.edu/juneau/health/faq.html']",1
Arizona State University Tempe,https://eoss.asu.edu/health,,,,,,,,,,,,,,,0
University of Arizona,https://health.arizona.edu,10,"['https://health.arizona.edu/events/1635-free-condom-friday', 'https://health.arizona.edu/events/1696-cancelled-free-condom-friday', 'https://health.arizona.edu/file/441', 'https://health.arizona.edu/file/435', 'https://health.arizona.edu/events/1695-free-condom-friday', 'https://health.arizona.edu/over-counter-products', 'https://health.arizona.edu/contraception']",2736,85.24,3.33,23,14,9,0.143,0.608,0.119,"['Sun, 16 Aug 2020 18:12:17 GMT', 'Sun, 16 Aug 2020 18:12:18 GMT', 'Sun, 16 Aug 2020 18:12:18 GMT', 'Sun, 16 Aug 2020 18:12:18 GMT', 'Sun, 16 Aug 2020 18:12:19 GMT', 'Wed, 01 Jan 2020 01:09:32 GMT', 'Sun, 16 Aug 2020 18:12:19 GMT', 'Wed, 01 Jan 2020 01:09:32 GMT', 'Sun, 16 Aug 2020 17:02:18 GMT', 'Wed, 01 Jan 2020 01:09:32 GMT']",2,"['https://health.arizona.edu', 'https://health.arizona.edu/lgbtq-health', 'https://health.arizona.edu/contraception']",1
Northern Arizona University,https://in.nau.edu/campus-health-services,3,"['https://in.nau.edu/campus-health-services/sexual-health-programs/', 'https://in.nau.edu/campus-health-services/condom-club/', 'https://in.nau.edu/campus-health-services/learn-about-sexual-health/']",1813,80.37,5.05,45,32,13,0.138,0.51,0.22,"['Sun, 16 Aug 2020 17:04:01 GMT', 'Sun, 16 Aug 2020 17:25:28 GMT', 'Sun, 16 Aug 2020 16:37:50 GMT']",1,"['https://in.nau.edu/campus-health-services', 'https://in.nau.edu/campus-health-services/sexual-health-programs/']",1
University of Arkansas at Little Rock,https://ualr.edu/health,10,"['https://ualr.edu/health/2015/07/21/aids-healthcare-foundation-provides-free-condoms/', 'https://ualr.edu/health/womens-health-2/', 'https://ualr.edu/health/sexually-transmitted-infection-screening-and-treatment/', 'https://ualr.edu/health/2015/07/13/red-ribbon-week/', 'https://ualr.edu/health/category/annual-report/page/3/', 'https://ualr.edu/health/sti-prevention/', 'https://ualr.edu/health/2013-2014/', 'https://ualr.edu/health/peer-leaders/', 'https://ualr.edu/health/annual-report/', 'https://ualr.edu/health/annual-report-2015-2016/']",10347,61.71,8.48,51,31,20,0.086,0.549,0.158,"[-1, -1, -1, -1, -1, -1, -1, -1, -1, -1]",1,"['https://ualr.edu/health', 'https://ualr.edu/health/sexually-transmitted-infection-screening-and-treatment/']",1
University of Arkansas,https://health.uark.edu,3,['https://health.uark.edu/medical-health/gyt-clinic.php'],590,88.8,3.3,2,1,1,0.027,0.556,0.21,"['Fri, 02 Aug 2019 21:46:27 GMT', -1, 'Fri, 02 Aug 2019 21:46:27 GMT']",2,"['https://health.uark.edu', 'https://health.uark.edu/medical-health/index.php', 'https://health.uark.edu/medical-health/gyt-clinic.php']",1
University of Arkansas at Pine Bluff,https://www.uapb.edu/administration/student_affairs,,,,,,,,,,,,,,,0
Arkansas State University Main Campus,https://www.astate.edu/a/student-health-center,3,"['https://www.astate.edu/a/student-health-center/', 'https://www.astate.edu/a/student-health-center/files/Bladder%20Infection.pdf']",581,58.89,9.08,2,1,1,0.024,0.717,0.034,"[-1, 'Thu, 01 Dec 2016 20:29:19 +0000', 'Thu, 01 Dec 2016 20:46:27 +0000']",0,['https://www.astate.edu/a/student-health-center'],1
Arkansas Tech University,https://www.atu.edu/hwc,,,,,,,,,,,,,,,0
University of Arkansas at Monticello,http://www.uamont.edu/pages/student-affairs/student-health-services,,,,,,,,,,,,,,,0
University of Central Arkansas,https://uca.edu/studenthealth,,,,,,,,,,,,,,,0
Henderson State University,https://www.hsu.edu/pages/about/administration/student-affairs-and-student-success/student-health-and-counseling,,,,,,,,,,,,,,,0
Southern Arkansas University Main Campus,https://web.saumag.edu/health,,,,,,,,,,,,,,,0
University of Arkansas Fort Smith,https://campuslife.uafs.edu/services/health-center,,,,,,,,,,,,,,,0
California Polytechnic State University San Luis Obispo,https://chw.calpoly.edu,1,['https://chw.calpoly.edu/eros'],435,61.91,8.98,2,1,1,0.024,0.521,0.279,"['Fri, 14 Aug 2020 10:08:02']",3,"['https://chw.calpoly.edu', 'https://chw.calpoly.edu/wellbeing-services', 'https://chw.calpoly.edu/peer-wellness-program-teams', 'https://chw.calpoly.edu/eros']",1
California State University Bakersfield,https://www.csub.edu/healthcenter,3,"['https://www.csub.edu/healthcenter/Services/women/index.html', 'https://www.csub.edu/healthcenter/Services/pharmacy/index.html', 'https://www.csub.edu/healthcenter/information/pact/index.html']",2059,57.02,9.02,6,3,3,0.029,0.571,0.097,"['Sat, 15 Aug 2020 09:39:55 GMT', 'Sat, 15 Aug 2020 09:39:53 GMT', 'Sat, 15 Aug 2020 09:39:51 GMT']",2,"['https://www.csub.edu/healthcenter', 'https://www.csub.edu/healthcenter/Services/index.html', 'https://www.csub.edu/healthcenter/Services/women/index.html']",1
California State University Stanislaus,https://www.csustan.edu/health-center,,,,,,,,,,,,,,,0
California State University San Bernardino,https://www.csusb.edu/student-health-center,2,"['https://www.csusb.edu/student-health-center/family-pact', 'https://www.csusb.edu/student-health-center/health-promotion/health-promotion-workshop-request-form']",2075,78.88,5.24,7,5,2,0.052,0.52,0.157,"['Sun, 16 Aug 2020 18:26:13 GMT', 'Sun, 16 Aug 2020 18:26:14 GMT']",1,"['https://www.csusb.edu/student-health-center', 'https://www.csusb.edu/student-health-center/family-pact']",1
California State Polytechnic University Pomona,https://www.cpp.edu/health,10,"['https://www.cpp.edu/health/health-services/otc_produts.shtml', 'https://www.cpp.edu/health/health-topics/sexual-health-resources.shtml', 'https://www.cpp.edu/health/health-topics/latex-barriers.shtml', 'https://www.cpp.edu/health/wellness-center/wellness-card.shtml', 'https://www.cpp.edu/health/health-topics/pregnancy-prevention.shtml', 'https://www.cpp.edu/health/health-services/emergency-contraceptives.shtml', 'https://www.cpp.edu/health/health-topics/hiv.shtml', 'https://www.cpp.edu/health/about-us/fee-schedule.shtml', 'https://www.cpp.edu/health/health-topics/get-tested.shtml']",7557,79.92,5.42,80,49,31,0.116,0.593,0.11,"[-1, -1, -1, -1, -1, 'Tue, 14 Jan 2020 17:08:10 GMT', -1, -1, -1, -1]",1,"['https://www.cpp.edu/health', 'https://www.cpp.edu/health/about-us/fee-schedule.shtml']",1
California State University Chico,https://www.csuchico.edu/healthcenter,6,"['https://www.csuchico.edu/healthcenter/services/pharmacy/index.shtml', 'https://www.csuchico.edu/healthcenter/services/health-education.shtml', 'https://www.csuchico.edu/healthcenter/about/familypact/index.shtml', 'https://www.csuchico.edu/healthcenter/about/familypact/nexplanon-faq.shtml']",3115,42.13,11.65,2,2,0,0.027,0.575,0.121,"[-1, 'Fri, 10 Jul 2020 00:04:51 GMT', -1, -1, 'Fri, 10 Jul 2020 00:04:49 GMT', -1]",1,"['https://www.csuchico.edu/healthcenter', 'https://www.csuchico.edu/healthcenter/services/health-education.shtml']",1
California State University Dominguez Hills,https://www.csudh.edu/shps,,,,,,,,,,,,,,,0
California State University Fresno,http://www.fresnostate.edu/studentaffairs/health,4,"['http://www.fresnostate.edu/studentaffairs/health/medical/sexual-health.html', 'http://www.fresnostate.edu/studentaffairs/health/medical/pharmacy.html']",1326,74.79,5.36,4,2,2,0.034,0.608,0.154,"['Tue, 15 Aug 2017 16:39:34 GMT', -1, -1, 'Fri, 23 Jan 2015 20:33:35 GMT']",-1,[],1
California State University Fullerton,http://www.fullerton.edu/health,,,,,,,,,,,,,,,0
California State University East Bay,https://www.csueastbay.edu/shcs,5,"['https://www.csueastbay.edu/shcs/services/womens-health.html', 'https://www.csueastbay.edu/shcs/files/docs/ncha-exec-summary-2012.pdf', 'https://www.csueastbay.edu/shcs/files/docs/ncha-ii-web-spring-2018.PDF']",11484,18.63,15.09,14,7,7,0.084,0.698,0.067,"[-1, 'Mon, 10 Aug 2020 05:01:12 GMT', 'Mon, 10 Aug 2020 05:01:15 GMT', 'Mon, 10 Aug 2020 05:01:18 GMT', 'Mon, 10 Aug 2020 05:01:17 GMT']",1,"['https://www.csueastbay.edu/shcs', 'https://www.csueastbay.edu/shcs/services/womens-health.html']",1
California State University Long Beach,https://web.csulb.edu/divisions/students/shs,5,"['https://web.csulb.edu/divisions/students/shs/services/familypact.html', 'https://web.csulb.edu/divisions/students/shs/faq.html', 'https://web.csulb.edu/divisions/students/shs/services/pharmacy.html', 'https://web.csulb.edu/divisions/students/shs/wellness/programs/peer_educator.html', 'http://web.csulb.edu/divisions/students/shs/sensitive_exams.html']",4994,62.78,8.09,9,5,4,0.042,0.493,0.196,"[-1, -1, -1, -1, -1]",1,"['https://web.csulb.edu/divisions/students/shs', 'https://web.csulb.edu/divisions/students/shs/services/pharmacy.html']",1
California State University Los Angeles,https://www.calstatela.edu/studenthealthcenter,4,"['https://www.calstatela.edu/studenthealthcenter/zika-virus-disease', 'http://www.calstatela.edu/studenthealthcenter/safe/sexual-violence-and-misconduct', 'http://www.calstatela.edu/studenthealthcenter/safe/prevention', 'https://www.calstatela.edu/studenthealthcenter/safe/dating-and-domestic-violence']",12786,66.65,8.16,35,22,13,0.059,0.468,0.147,"['Sun, 16 Aug 2020 18:30:31 GMT', -1, -1, 'Sun, 16 Aug 2020 18:30:33 GMT']",1,"['https://www.calstatela.edu/studenthealthcenter', 'https://www.calstatela.edu/studenthealthcenter/zika-virus-disease']",1
California State University Northridge,https://www.csun.edu/shc,2,"['https://www.csun.edu/shc/news/cdc-health-advisory', 'https://www.csun.edu/shc/assessment-and-evaluation']",2499,41.69,14.91,6,3,3,0.024,0.423,0.105,"['Sun, 16 Aug 2020 18:31:35 GMT', 'Sun, 16 Aug 2020 18:31:35 GMT']",1,"['https://www.csun.edu/shc', 'https://www.csun.edu/shc/assessment-and-evaluation']",1
California State University Sacramento,https://www.csus.edu/student-life/health-counseling,5,"['https://www.csus.edu/student-life/health-counseling/wellness-education/services.html', 'https://www.csus.edu/student-life/health-counseling/_internal/_documents/impact-statement-text-only.pdf', 'https://www.csus.edu/student-life/health-counseling/sexual-violence-support/_internal/_documents/rights-and-options-for-victims-of-sexual-misconduct.pdf']",793,76.14,5.38,8,5,3,0.09,0.5,0.111,"[-1, 'Tue, 11 Aug 2020 22:42:25 GMT', 'Tue, 11 Aug 2020 22:42:26 GMT', 'Thu, 30 Jul 2020 00:07:59 GMT', 'Fri, 19 Jun 2020 21:58:49 GMT']",2,"['https://www.csus.edu/student-life/health-counseling', 'https://www.csus.edu/student-life/health-counseling/wellness-education/index.html', 'https://www.csus.edu/student-life/health-counseling/wellness-education/services.html']",1
University of California Berkeley,https://uhs.berkeley.edu,10,"['https://uhs.berkeley.edu/medical/primary-care/sexual-health-care-tang/get-protected-sexual-health-care-tang', 'https://uhs.berkeley.edu/medical/primary-care/sexual-health-care-tang', 'https://uhs.berkeley.edu/sites/default/files/hp-doyousex.pdf', 'https://uhs.berkeley.edu/sites/default/files/birth-control_across_genders.pdf', 'https://uhs.berkeley.edu/medical/pharmacy', 'https://uhs.berkeley.edu/health-topics/sexual-health']",4526,70.93,7.42,79,47,32,0.143,0.467,0.222,"['Sun, 16 Aug 2020 18:32:51 GMT', 'Mon, 06 Jan 2020 06:46:54 GMT', 'Sun, 16 Aug 2020 18:32:52 GMT', 'Mon, 06 Jan 2020 06:46:54 GMT', 'Mon, 06 Jan 2020 06:46:54 GMT', 'Mon, 06 Jan 2020 06:46:54 GMT', 'Mon, 06 Jan 2020 06:46:54 GMT', 'Sun, 16 Aug 2020 18:32:54 GMT', -1, 'Sun, 16 Aug 2020 18:32:56 GMT']",1,"['https://uhs.berkeley.edu', 'https://uhs.berkeley.edu/medical/pharmacy']",1
University of California Davis,https://shcs.ucdavis.edu,10,"['https://shcs.ucdavis.edu/topics/condom-external', 'https://shcs.ucdavis.edu/services/love-lab', 'https://shcs.ucdavis.edu/topics/condom-internal', 'https://shcs.ucdavis.edu/wellnesstogo', 'https://shcs.ucdavis.edu/blog/archive/safer-sex-your-body-and-pleasure', 'https://shcs.ucdavis.edu/topics/sexually-transmitted-infections-sti', 'https://shcs.ucdavis.edu/blog/archive/sharing-love-love-lab-10-year-anniversary', 'https://shcs.ucdavis.edu/topics/birth-control-contraception', 'https://shcs.ucdavis.edu/blog/archive/healthy-habits/are-you-sexcessful', 'https://shcs.ucdavis.edu/topics/emergency-contraception-ec']",11932,69.36,7.75,169,120,49,0.146,0.574,0.175,"[-1, -1, -1, -1, -1, -1, -1, -1, -1, -1]",1,"['https://shcs.ucdavis.edu', 'https://shcs.ucdavis.edu/topics/birth-control-contraception']",1
University of California Irvine,https://shc.uci.edu,2,['https://shc.uci.edu/services/online-sti-screening-program'],1249,58.48,11.74,1,1,0,0.02,0.621,0.04,"['Sun, 16 Aug 2020 17:26:11 GMT', 'Thu, 22 Feb 2018 21:07:16 GMT']",2,"['https://shc.uci.edu', 'https://shc.uci.edu/services', 'https://shc.uci.edu/services/online-sti-screening-program']",1
University of California Los Angeles,https://www.studenthealth.ucla.edu,3,"['https://www.studenthealth.ucla.edu/service/pharmacy', 'https://www.studenthealth.ucla.edu/services/prep-clinic', 'https://www.studenthealth.ucla.edu/outreach-and-supply-requests']",1135,70.23,7.66,4,2,2,0.027,0.619,0.058,"[-1, -1, -1]",1,"['https://www.studenthealth.ucla.edu', 'https://www.studenthealth.ucla.edu/services/bruin-health-pharmacy']",1
University of California Riverside,https://studenthealth.ucr.edu,1,['https://studenthealth.ucr.edu/preventive-care-disease-management'],446,72.34,5.88,2,1,1,0.025,0.456,0.333,"['Fri, 14 Aug 2020 21:55:44 GMT']",2,"['https://studenthealth.ucr.edu', 'https://studenthealth.ucr.edu/immunization-requirements', 'https://studenthealth.ucr.edu/sites/g/files/rcwecm1581/files/2018-12/TB%20Clearance%20form%202_11-2018_0.docx']",1
University of California San Diego,https://wellness.ucsd.edu/studenthealth/Pages,,,,,,,,,,,,,,,0
University of California Santa Barbara,http://studenthealth.sa.ucsb.edu,10,"['http://studenthealth.sa.ucsb.edu/medical-services/reproductiveandsexualhealth/hiv-prep', 'https://studenthealth.sa.ucsb.edu/docs/default-source/default-document-library/travel-products-at-ucsb-pharmacy.pdf?sfvrsn=0', 'http://studenthealth.sa.ucsb.edu/health-topics/hiv-and-aids', 'https://studenthealth.sa.ucsb.edu/docs/default-source/Travel/travel-otc-form.pdf?sfvrsn=0', 'http://studenthealth.sa.ucsb.edu/docs/default-source/default-document-library/health-history-form.pdf?sfvrsn=0']",174430,70.02,7.2,4,2,2,0.023,0.494,0.181,"['Tue, 23 Jan 2018 23:50:36 GMT', -1, 'Mon, 23 May 2016 22:11:41 GMT', 'Tue, 10 May 2016 21:27:06 GMT', 'Mon, 23 May 2016 22:11:16 GMT', -1, 'Fri, 31 Oct 2014 15:42:35 GMT', 'Thu, 05 May 2016 19:03:23 GMT', 'Thu, 27 Feb 2020 19:49:51 GMT', 'Wed, 11 Jul 2018 18:23:25 GMT']",1,"['http://studenthealth.sa.ucsb.edu', 'http://studenthealth.sa.ucsb.edu/docs/default-source/hours---after-hours-or-clinic-hours/after-hours_20200721_final.pdf?sfvrsn=1c94f4ab_2']",1
University of California Santa Cruz,https://healthcenter.ucsc.edu,10,"['https://healthcenter.ucsc.edu/services/birthcontrol.html', 'https://healthcenter.ucsc.edu/pharmacy/faq/contraceptives.html', 'https://healthcenter.ucsc.edu/wellness/sex.html', 'https://healthcenter.ucsc.edu/pharmacy/services.html', 'https://healthcenter.ucsc.edu/location/index.html', 'https://healthcenter.ucsc.edu/forms/student-handbook/hc-748-testing-for-stis-2-15-19.pdf', 'https://healthcenter.ucsc.edu/forms/student-handbook/HC-745-Vaginal-Contraceptive-Ring.pdf']",3187,74.41,6.1,16,11,5,0.067,0.558,0.163,"[-1, -1, -1, -1, 'Tue, 23 Jun 2020 20:12:49 GMT', -1, 'Tue, 23 Jun 2020 20:12:58 GMT', 'Tue, 23 Jun 2020 20:12:49 GMT', 'Wed, 24 Jun 2020 19:03:43 GMT', 'Tue, 23 Jun 2020 20:12:50 GMT']",1,"['https://healthcenter.ucsc.edu', 'https://healthcenter.ucsc.edu/services/birthcontrol.html']",1
California State University Maritime Academy,https://www.csum.edu/web/health-services,1,['http://www.csum.edu/web/health-services/medical-services/'],969,70.07,7.26,4,2,2,0.039,0.516,0.126,"['Thu, 13 Aug 2020 20:38:09 GMT']",-1,[],1
Humboldt State University,https://wellbeing.humboldt.edu,9,"['https://wellbeing.humboldt.edu/sexual-health', 'https://wellbeing.humboldt.edu/vending-machines', 'https://wellbeing.humboldt.edu/sites/default/files/health/hsu_peerhealth_costanalysis.pdf', 'https://wellbeing.humboldt.edu/sites/default/files/health/PrEP%20for%20women%20who%20have%20sex%20with%20men.pdf', 'https://wellbeing.humboldt.edu/sensitive-exams', 'https://wellbeing.humboldt.edu/data-strategic-planning']",6308,60.29,10.83,14,8,6,0.046,0.588,0.07,"[-1, -1, 'Thu, 30 Jul 2020 00:54:41 GMT', 'Thu, 30 Jul 2020 00:54:38 GMT', 'Thu, 30 Jul 2020 00:54:36 GMT', 'Thu, 30 Jul 2020 00:54:32 GMT', -1, -1, 'Thu, 30 Jul 2020 00:54:44 GMT']",2,"['https://wellbeing.humboldt.edu', 'https://wellbeing.humboldt.edu/clone-medical-pharmacy', 'https://wellbeing.humboldt.edu/sensitive-exams']",1
San Diego State University,https://sa.sdsu.edu/student-health-services,,,,,,,,,,,,,,,0
San Francisco State University,https://health.sfsu.edu,4,"['https://health.sfsu.edu/content/women-who-have-sex-women', 'https://health.sfsu.edu/birth-control-and-sexual-health', 'https://health.sfsu.edu/content/womens-services']",3204,75.42,6.12,4,2,2,0.041,0.373,0.111,"['Wed, 18 Dec 2019 04:59:22 GMT', 'Sun, 16 Aug 2020 18:54:16 GMT', 'Sun, 16 Aug 2020 18:54:17 GMT', 'Sun, 16 Aug 2020 18:54:17 GMT']",1,"['https://health.sfsu.edu', 'https://health.sfsu.edu/birth-control-and-sexual-health']",1
San Jose State University,https://www.sjsu.edu/studenthealth,,,,,,,,,,,,,,,0
Sonoma State University,https://health.sonoma.edu,6,"['http://health.sonoma.edu/shac/activities-and-accomplishments', 'http://health.sonoma.edu/services/appointments/reproductive-health/birth-control', 'https://health.sonoma.edu/sites/health/files/u90/rhe_info.pdf', 'http://health.sonoma.edu/services/appointments/reproductive-health/reproductive-health-exampap-smear', 'https://health.sonoma.edu/health-topics/reproductive-health']",4395,74.63,6.13,6,3,3,0.025,0.675,0.052,"['Sun, 16 Aug 2020 17:26:28 GMT', 'Sun, 16 Aug 2020 17:26:30 GMT', 'Mon, 25 Mar 2019 20:01:07 GMT', 'Fri, 12 Jun 2020 16:43:13 GMT', 'Sun, 16 Aug 2020 17:26:31 GMT', 'Sun, 16 Aug 2020 17:26:33 GMT']",2,"['https://health.sonoma.edu', 'https://health.sonoma.edu/health-topics', 'https://health.sonoma.edu/health-topics/reproductive-health']",1
University of Colorado Denver/Anschutz Medical Campus,https://nursing.cuanschutz.edu,,,,,,,,,,,,,,,0
University of Colorado Colorado Springs,https://uccs.edu/recwellness,,,,,,,,,,,,,,,0
University of Colorado Boulder,https://www.colorado.edu/healthcenter,3,"['https://www.colorado.edu/healthcenter/sti', 'https://www.colorado.edu/healthcenter/services', 'https://www.colorado.edu/healthcenter/services/travel-clinic/during-and-after-your-trip']",1221,72.04,5.97,2,1,1,0.025,0.504,0.045,"['Sun, 16 Aug 2020 15:37:47 GMT', 'Sun, 16 Aug 2020 16:21:48 GMT', 'Sun, 16 Aug 2020 17:26:37 GMT']",1,"['https://www.colorado.edu/healthcenter', 'https://www.colorado.edu/healthcenter/services']",1
Colorado School of Mines,https://www.mines.edu/student-health,,,,,,,,,,,,,,,0
Colorado State University Fort Collins,https://health.colostate.edu,10,"['https://health.colostate.edu/condoms/', 'https://health.colostate.edu/sexual-health-resources/', 'https://health.colostate.edu/crews/', 'https://health.colostate.edu/sexual-health-initiatives/', 'https://health.colostate.edu/womens-care/', 'https://health.colostate.edu/presentation-request/', 'https://health.colostate.edu/wp-content/uploads/2019/01/IUD-Handout-PDF-.pdf', 'https://health.colostate.edu/increase-in-hepatitis-a-cases-in-colorado/', 'https://health.colostate.edu/presentation-request-form/']",13096,47.84,12.35,111,65,46,0.11,0.571,0.175,"['Sun, 16 Aug 2020 17:26:42 GMT', 'Sun, 16 Aug 2020 09:08:13 GMT', 'Sun, 16 Aug 2020 07:13:11 GMT', 'Sun, 16 Aug 2020 08:09:07 GMT', 'Sun, 16 Aug 2020 05:07:08 GMT', 'Sun, 16 Aug 2020 03:07:14 GMT', 'Fri, 02 Aug 2019 19:41:53 GMT', 'Tue, 29 Jan 2019 19:54:37 GMT', 'Sat, 15 Aug 2020 20:10:03 GMT', 'Sun, 16 Aug 2020 10:08:07 GMT']",-1,[],1
Fort Lewis College,https://www.fortlewis.edu/life-at-flc/health-safety/health-center,2,"['https://www.fortlewis.edu/life-at-flc/health-safety/health-center/faq', 'https://www.fortlewis.edu/life-at-flc/health-safety/health-center/medical-services-and-fees/medical-services']",1405,68.27,6.77,4,2,2,0.025,0.612,0.072,"[-1, -1]",1,"['https://www.fortlewis.edu/life-at-flc/health-safety/health-center', 'https://www.fortlewis.edu/life-at-flc/health-safety/health-center/faq']",1
Colorado Mesa University,https://www.coloradomesa.edu/student-services/wellness,,,,,,,,,,,,,,,0
Metropolitan State University of Denver,https://www.msudenver.edu/healthcenter,1,['https://www.msudenver.edu/healthcenter/medicalservices/freeclinicalservices/'],1464,79.61,5.65,2,2,0,0.042,0.756,0.006,"['Tue, 25 Feb 2020 01:53:22 GMT']",2,"['https://www.msudenver.edu/healthcenter', 'https://www.msudenver.edu/healthcenter/medicalservices/', 'https://www.msudenver.edu/healthcenter/medicalservices/freeclinicalservices/']",1
University of Northern Colorado,https://www.unco.edu/student-health-center,5,"['https://www.unco.edu/student-health-center/health-topics/zika-virus.aspx', 'https://www.unco.edu/student-health-center/health-topics/chlamydia.aspx', 'https://www.unco.edu/student-health-center/health-topics/genital-warts-hpv.aspx', 'https://www.unco.edu/student-health-center/health-topics/genital-herpes.aspx', 'https://www.unco.edu/student-health-center/health-topics/gonorrhea.aspx']",3315,82.82,4.47,31,19,12,0.084,0.557,0.062,"[-1, -1, -1, -1, -1]",2,"['https://www.unco.edu/student-health-center', 'https://www.unco.edu/student-health-center/forms.aspx', 'https://www.unco.edu/student-health-center/pdf/consent-to-treat.docx']",1
Colorado State University Pueblo,https://www.csupueblo.edu/student-health-services,,,,,,,,,,,,,,,0
Western State Colorado University,https://western.edu/student-life/health-wellness,,,,,,,,,,,,,,,0
Central Connecticut State University,https://web.ccsu.edu/healthservices/?redirected,,,,,,,,,,,,,,,0
University of Connecticut,https://shs.uconn.edu,,,,,,,,,,,,,,,0
Eastern Connecticut State University,https://www.easternct.edu/health-services,,,,,,,,,,,,,,,0
Southern Connecticut State University,https://inside.southernct.edu/health-services,1,['https://inside.southernct.edu/health-services/services'],1156,65.93,6.48,2,1,1,0.026,0.783,0.061,"['Sun, 16 Aug 2020 19:04:37 GMT']",1,"['https://inside.southernct.edu/health-services', 'https://inside.southernct.edu/health-services/services']",1
Western Connecticut State University,https://www.wcsu.edu/healthservices,,,,,,,,,,,,,,,0
Delaware State University,https://www.desu.edu/student-life/student-health-services,,,,,,,,,,,,,,,0
University of Delaware,https://sites.udel.edu/studenthealth,3,"['http://sites.udel.edu/studenthealth/men/', 'https://sites.udel.edu/studenthealth/women/']",1730,50.39,9.17,4,2,2,0.035,0.543,0.143,"[-1, -1, -1]",2,"['https://sites.udel.edu/studenthealth', 'https://sites.udel.edu/studenthealth/services/', 'https://sites.udel.edu/studenthealth/men/']",1
University of the District of Columbia,https://www.udc.edu/health-services,,,,,,,,,,,,,,,0
University of Central Florida,https://studenthealth.ucf.edu,4,"['https://studenthealth.ucf.edu/wp-content/uploads/sites/12/2017/03/STIs1.pdf', 'https://studenthealth.ucf.edu/zika/']",1115,65.01,7.96,12,6,6,0.053,0.554,0.134,"['Mon, 13 Mar 2017 18:52:55 GMT', 'Mon, 13 Mar 2017 18:50:58 GMT', -1, 'Mon, 13 Mar 2017 18:53:43 GMT']",0,['https://studenthealth.ucf.edu'],1
Chipola College,http://www.chipola.edu/404,,,,,,,,,,,,,,,0
Florida SouthWestern State College,https://www.fsw.edu/publichealthresources,,,,,,,,,,,,,,,0
Florida Agricultural and Mechanical University,http://www.famu.edu,10,"['http://www.famu.edu/index.cfm?shs&WellnessCenter', 'http://www.famu.edu/index.cfm?shs&RattlerWellness', 'http://www.famu.edu/index.cfm?shs&Pharmacy', 'http://www.famu.edu/index.cfm?shs&ZikaUpdate', 'http://www.famu.edu/index.cfm?oied&HealthGuidelines', 'https://www.famu.edu/shs/FAMUZika%20%20Update%208-23-2016.pdf', 'http://www.famu.edu/mbrs/userfiles/file/publication-lee.pdf']",5402,60.25,9.07,8,6,2,0.047,0.518,0.138,"[-1, -1, -1, 'Tue, 28 Aug 2012 21:39:01 GMT', -1, -1, 'Mon, 18 Apr 2016 15:24:20 GMT', 'Wed, 24 Aug 2016 13:57:02 GMT', 'Wed, 03 Aug 2016 16:44:34 GMT', 'Tue, 28 Aug 2012 22:10:08 GMT']",2,"['http://www.famu.edu', 'http://www.famu.edu/index.cfm?Assessment', 'http://www.famu.edu/Assessment/Copy%20of%20STARS%20Assessment%20RubricREV.PDF']",1
Florida Atlantic University,https://www.fau.edu/shs,8,"['http://www.fau.edu/shs/_old/clinic/womens_clinic.php', 'http://www.fau.edu/shs/_old/clinic/boca/boca-womens_clinic.php', 'http://www.fau.edu/shs/_old/pharmacy/pharm-services_provided.php', 'http://www.fau.edu/shs/_old/clinic/boca/boca-womens_oral_contraceptives.php', 'https://www.fau.edu/shs/services/advisory.php', 'https://www.fau.edu/shs/PDFs/2013.14_SHS_Annual_Report_w.Appendices.pdf']",4285,55.56,10.21,11,7,4,0.044,0.532,0.153,"[-1, -1, -1, -1, -1, 'Wed, 08 Jul 2015 13:43:31 GMT', 'Thu, 21 Aug 2014 19:14:07 GMT', 'Mon, 19 Aug 2013 18:45:57 GMT']",2,"['https://www.fau.edu/shs', 'https://www.fau.edu/shs/services/mens.php', 'https://www.fau.edu/shs/services/advisory.php']",1
Florida International University,https://studentaffairs.fiu.edu/health-and-fitness/student-health,10,"['https://studentaffairs.fiu.edu/health-and-fitness/student-health/healthy-living/on-campus-services/sexual-health-resources/index.php', 'https://studentaffairs.fiu.edu/health-and-fitness/student-health/services-and-fees/sexual-health/index.php', 'https://studentaffairs.fiu.edu/health-and-fitness/student-health/healthy-living/request/materialrequest/index.php', 'https://studentaffairs.fiu.edu/health-and-fitness/student-health/zika-prevention/index.php', 'https://studentaffairs.fiu.edu/health-and-fitness/student-health/healthy-living/resources/sexual-health-resources2/_assets/contraception.pdf', 'https://studentaffairs.fiu.edu/health-and-fitness/student-health/healthy-living/on-campus-services/index.php', 'https://studentaffairs.fiu.edu/health-and-fitness/student-health/healthy-living/healthy-panther-resources/reports-and-publications/_assets/pdfs/BROCHURE%20TRIFOLD%20SHS.pdf']",3200,49.88,10.01,12,7,5,0.066,0.566,0.111,"[-1, -1, -1, -1, 'Mon, 29 Apr 2019 07:38:14 GMT', 'Mon, 29 Apr 2019 07:38:15 GMT', -1, 'Mon, 29 Apr 2019 07:38:11 GMT', 'Wed, 12 Aug 2020 07:15:58 GMT', 'Wed, 12 Aug 2020 07:14:29 GMT']",1,"['https://studentaffairs.fiu.edu/health-and-fitness/student-health', 'https://studentaffairs.fiu.edu/health-and-fitness/student-health/zika-prevention/index.php']",1
Florida State University,https://uhs.fsu.edu,,,,,,,,,,,,,,,0
University of Florida,https://shcc.ufl.edu,10,"['https://shcc.ufl.edu/tag/condoms/', 'https://shcc.ufl.edu/services/primary-care/sexual-health/oral-sex/', 'https://shcc.ufl.edu/2017/01/06/condom-design-challenge/', 'https://shcc.ufl.edu/services/primary-care/sexual-health/sexintheswamp/', 'https://shcc.ufl.edu/services/primary-care/sexual-health/', 'https://shcc.ufl.edu/tag/condom/', 'https://shcc.ufl.edu/2018/01/25/menstrual-products-now-available-at-shcc/', 'https://shcc.ufl.edu/2017/01/31/gearing-up-for-v-day-safe-sex-is-the-best-sex/', 'https://shcc.ufl.edu/2016/page/6/', 'https://shcc.ufl.edu/2016/04/01/stistd-awareness-month/']",10583,78.36,5.78,90,57,33,0.126,0.46,0.22,"['Fri, 14 Aug 2020 21:58:10 GMT', 'Sat, 15 Aug 2020 23:46:20 GMT', 'Fri, 14 Aug 2020 21:58:11 GMT', 'Fri, 14 Aug 2020 20:19:54 GMT', 'Sat, 15 Aug 2020 18:49:34 GMT', 'Fri, 14 Aug 2020 21:58:13 GMT', 'Fri, 14 Aug 2020 21:58:14 GMT', 'Fri, 14 Aug 2020 21:58:08 GMT', 'Sun, 16 Aug 2020 17:27:13 GMT', 'Fri, 14 Aug 2020 20:49:20 GMT']",1,"['https://shcc.ufl.edu', 'https://shcc.ufl.edu/services/primary-care/sexual-health/']",1
Indian River State College,https://www.irsc.edu/student-life,,,,,,,,,,,,,,,0
University of North Florida,https://www.unf.edu/shs,1,['https://www.unf.edu/shs/Self_Help_-_Urinary_Tract_Infection_(UTI).aspx'],813,63.3,8.04,6,3,3,0.06,0.62,0.044,"['Sun, 16 Aug 2020 19:21:16 GMT']",1,"['https://www.unf.edu/shs', 'https://www.unf.edu/shs/Self_Help_-_Urinary_Tract_Infection_(UTI).aspx']",1
University of South Florida Main Campus,https://www.usf.edu/student-affairs/student-health-services,10,"['https://www.usf.edu/student-affairs/student-health-services/services/sexualhealth.aspx', 'https://www.usf.edu/student-affairs/student-health-services/services/sti-information/genital-herpes.aspx', 'https://www.usf.edu/student-affairs/student-health-services/services/sti-information/syphilis.aspx', 'https://www.usf.edu/student-affairs/student-health-services/services/prevent-hpv.aspx', 'https://www.usf.edu/student-affairs/student-health-services/services/sti-information/gonorrhea.aspx', 'https://www.usf.edu/student-affairs/student-health-services/services/contraceptives.aspx', 'https://www.usf.edu/student-affairs/student-health-services/services/sti-information/chlamydia.aspx', 'https://www.usf.edu/student-affairs/student-health-services/services/sti-information/hpv.aspx', 'https://www.usf.edu/student-affairs/student-health-services/services/sti-information/hiv.aspx']",5924,83.13,4.51,23,14,9,0.062,0.544,0.124,"[-1, -1, -1, -1, -1, -1, -1, 'Mon, 17 Feb 2014 14:44:26 GMT', -1, -1]",2,"['https://www.usf.edu/student-affairs/student-health-services', 'https://www.usf.edu/student-affairs/student-health-services/services/index.aspx', 'https://www.usf.edu/student-affairs/student-health-services/services/sexualhealth.aspx']",1
The University of West Florida,https://uwf.edu/academic-engagement-and-student-affairs/departments/student-health-services,1,['https://uwf.edu/academic-engagement-and-student-affairs/departments/student-health-services/student-health-services/faqs/'],990,90.9,3.42,3,2,1,0.048,0.674,0.122,"['Wed, 17 Jun 2020 21:47:50 GMT']",1,"['https://uwf.edu/academic-engagement-and-student-affairs/departments/student-health-services', 'https://uwf.edu/academic-engagement-and-student-affairs/departments/student-health-services/student-health-services/faqs/']",1
Abraham Baldwin Agricultural College,https://www.abac.edu/campus-life/health-center,,,,,,,,,,,,,,,0
Albany State University,https://www.asurams.edu/student-affairs/health-services,1,['https://www.asurams.edu/student-affairs/health-services/clinic-services.php'],391,68.87,5.71,2,1,1,0.022,0.834,0.094,[-1],1,"['https://www.asurams.edu/student-affairs/health-services', 'https://www.asurams.edu/student-affairs/health-services/clinic-services.php']",1
Armstrong State University,https://auxiliary.georgiasouthern.edu/healthservices/armstrong-campus,1,['https://auxiliary.georgiasouthern.edu/healthservices/armstrong-campus/requests-for-condoms/'],651,87.13,3.16,13,8,5,0.121,0.816,0.061,[-1],-1,[],1
College of Coastal Georgia,https://www.ccga.edu/page.cfm?p=616,1,['https://www.ccga.edu/page.cfm?p=2477'],997,78.35,8.45,2,1,1,0.033,0.54,0.186,[-1],-1,[],1
Clayton  State University,https://www.clayton.edu/uhs,3,"['https://www.clayton.edu/uhs/sexual-health-and-well-being', 'https://www.clayton.edu/uhs/index', 'https://www.clayton.edu/uhs/womens-health-services']",2479,82.57,4.39,13,7,6,0.054,0.553,0.163,"[-1, -1, -1]",1,"['https://www.clayton.edu/uhs', 'https://www.clayton.edu/uhs/womens-health-services']",1
Columbus State University,https://healthservices.columbusstate.edu,,,,,,,,,,,,,,,0
Dalton State College,https://www.daltonstate.edu/campus_life/student-health-services.cms,,,,,,,,,,,,,,,0
Fort Valley State University,https://www.fvsu.edu/student-health1,,,,,,,,,,,,,,,0
Georgia Institute of Technology Main Campus,https://health.gatech.edu,8,"['https://health.gatech.edu/news/dos-and-donts-condom-usage', 'https://health.gatech.edu/news/check-your-sexual-health', 'https://health.gatech.edu/services/womens/Emergency', 'https://health.gatech.edu/services/womens/Contraception', 'https://health.gatech.edu/hg/file/221531', 'https://health.gatech.edu/news/5-healthy-habits-world-health-day', 'https://health.gatech.edu/services/womens/vaginitis']",16568,73.62,6.1,87,58,29,0.207,0.478,0.191,"['Sun, 16 Aug 2020 19:25:15 GMT', 'Sun, 16 Aug 2020 19:25:18 GMT', 'Sun, 16 Aug 2020 19:25:21 GMT', 'Sun, 16 Aug 2020 19:25:22 GMT', 'Sun, 16 Aug 2020 19:25:22 GMT', 'Sun, 16 Aug 2020 19:25:25 GMT', 'Sun, 16 Aug 2020 19:25:28 GMT', 'Tue, 28 Apr 2020 14:53:29 GMT']",2,"['https://health.gatech.edu', 'https://health.gatech.edu/services/women', 'https://health.gatech.edu/services/womens/Contraception']",1
Georgia Southwestern State University,https://www.gsw.edu/campus-life/campusliving/healthservices,,,,,,,,,,,,,,,0
Georgia College & State University,https://www.gcsu.edu/studenthealth,,,,,,,,,,,,,,,0
Georgia Southern University,https://auxiliary.georgiasouthern.edu/healthservices,5,"['https://auxiliary.georgiasouthern.edu/healthservices/armstrong-campus/requests-for-condoms/', 'https://auxiliary.georgiasouthern.edu/healthservices/you-asked-we-answered/', 'https://auxiliary.georgiasouthern.edu/healthservices/health-education-promotion-presentation-request/', 'https://auxiliary.georgiasouthern.edu/healthservices/pharmacy/', 'https://auxiliary.georgiasouthern.edu/healthservices/services/']",6706,76.23,5.2,18,12,6,0.092,0.686,0.133,"[-1, -1, -1, -1, -1]",2,"['https://auxiliary.georgiasouthern.edu/healthservices', 'https://auxiliary.georgiasouthern.edu/healthservices/sexual-assault-assistance/', 'https://auxiliary.georgiasouthern.edu/healthservices/pharmacy/']",1
Georgia State University,https://health.gsu.edu,3,"['https://health.gsu.edu/2016/03/03/154046/', 'https://health.gsu.edu/2019/03/08/healthy-spring-break/', 'https://health.gsu.edu/2015/10/16/get-tested-for-stis/']",3989,71.78,7.33,5,4,1,0.038,0.478,0.188,"[-1, -1, -1]",2,"['https://health.gsu.edu', 'https://health.gsu.edu/2018-news-archives/', 'https://health.gsu.edu/2019/03/08/healthy-spring-break/']",1
University of Georgia,https://www.uhs.uga.edu,10,"['https://www.uhs.uga.edu/sexualhealth/condomexpress', 'https://www.uhs.uga.edu/sexualhealth/condoms', 'https://www.uhs.uga.edu/sexualhealth/condomexpresshttps:/www.uhs.uga.edu/sexualhealth/condomexpress', 'https://www.uhs.uga.edu/sexualhealth/projectcondom', 'https://www.uhs.uga.edu/sexualhealth/mens-sexual-health', 'https://www.uhs.uga.edu/sexualhealth/contraception/putoncondom.html', 'https://www.uhs.uga.edu/studentgroups/safer-sex-ambassadors', 'https://www.uhs.uga.edu/sexualhealth/aids', 'https://www.uhs.uga.edu/sexualhealth/vaginitis', 'https://www.uhs.uga.edu/sexualhealth/oral_sex']",9114,75.6,5.82,206,145,61,0.202,0.497,0.128,"['Sun, 16 Aug 2020 19:36:27 GMT', 'Sun, 16 Aug 2020 19:36:28 GMT', 'Sun, 16 Aug 2020 19:36:28 GMT', 'Sun, 16 Aug 2020 19:36:28 GMT', 'Sun, 16 Aug 2020 19:36:29 GMT', 'Sun, 16 Aug 2020 19:36:29 GMT', 'Sun, 16 Aug 2020 19:36:29 GMT', 'Sun, 16 Aug 2020 19:36:30 GMT', 'Sun, 16 Aug 2020 19:36:30 GMT', 'Sun, 16 Aug 2020 19:36:30 GMT']",2,"['https://www.uhs.uga.edu', 'https://www.uhs.uga.edu/sexualhealth/menshealth', 'https://www.uhs.uga.edu/sexualhealth/mens-sexual-health']",1
Gordon State College,https://www.gordonstate.edu/student-life/health-recreation/health-center,,,,,,,,,,,,,,,0
Savannah State University,https://www.savannahstate.edu/health-services,,,,,,,,,,,,,,,0
Valdosta State University,https://www.valdosta.edu/administration/student-affairs/student-health,,,,,,,,,,,,,,,0
University of West Georgia,https://www.westga.edu/student-services/health,2,"['https://www.westga.edu/student-services/health/resources.php', 'https://www.westga.edu/student-services/health/program-opportunities.php']",19166,65.48,7.07,5,3,2,0.05,0.479,0.194,"[-1, -1]",1,"['https://www.westga.edu/student-services/health', 'https://www.westga.edu/student-services/health/resources.php']",1
University of Hawaii at Hilo,https://hilo.hawaii.edu/studentaffairs/health,2,"['https://hilo.hawaii.edu/studentaffairs/health/services.php', 'https://hilo.hawaii.edu/studentaffairs/health/']",1821,65.59,8.17,8,4,4,0.045,0.596,0.159,"[-1, -1]",0,['https://hilo.hawaii.edu/studentaffairs/health'],1
University of Hawaii at Manoa,https://www.hawaii.edu/shs,2,"['https://www.hawaii.edu/shs/health_promotion/resource_center.php', 'https://www.hawaii.edu/shs/health_promotion/lokahi_program.php']",1794,63,8.51,6,4,2,0.049,0.546,0.31,"[-1, -1]",1,"['https://www.hawaii.edu/shs', 'https://www.hawaii.edu/shs/health_promotion/lokahi_program.php']",1
University of Hawaii West Oahu,https://westoahu.hawaii.edu/current-students/health-and-wellness,,,,,,,,,,,,,,,0
Boise State University,https://www.boisestate.edu/healthservices,3,"['https://www.boisestate.edu/healthservices/sexual-health/', 'https://www.boisestate.edu/healthservices/health-spring-break/', 'https://www.boisestate.edu/healthservices/medical-services/contraception/']",1079,73.72,6.23,4,3,1,0.04,0.49,0.277,"[-1, -1, -1]",3,"['https://www.boisestate.edu/healthservices', 'https://www.boisestate.edu/healthservices/services/', 'https://www.boisestate.edu/healthservices/medical/', 'https://www.boisestate.edu/healthservices/sexual-health/']",1
Idaho State University,https://www.isu.edu/healthcenter,,,,,,,,,,,,,,,0
University of Idaho,https://www.uidaho.edu/current-students/student-health-services,,,,,,,,,,,,,,,0
Lewis Clark State College,https://www.lcsc.edu/student-health,,,,,,,,,,,,,,,0
Chicago State University,https://www.csu.edu/collegeofhealthsciences/wellnesscenter,,,,,,,,,,,,,,,0
Eastern Illinois University,https://www.eiu.edu/health,3,"['https://www.eiu.edu/health/pharmacy.php', 'https://www.eiu.edu/health/OTC%20Price%20List.pdf']",822,68.29,8.05,2,1,1,0.024,0.581,0.153,"[-1, 'Tue, 13 Aug 2019 12:45:38 GMT', 'Fri, 17 Jul 2020 14:24:17 GMT']",1,"['https://www.eiu.edu/health', 'https://www.eiu.edu/health/pharmacy.php']",1
Governors State University,https://www.govst.edu/advocate-health-center,,,,,,,,,,,,,,,0
University of Illinois at Chicago,https://hospital.uillinois.edu/primary-and-specialty-care/family-medicine/student-health,,,,,,,,,,,,,,,0
University of Illinois at Urbana Champaign,https://www.mckinley.illinois.edu,,,,,,,,,,,,,,,0
Illinois State University,https://healthservices.illinoisstate.edu,3,['https://healthservices.illinoisstate.edu/pharmacy/birth-control.shtml'],168,60.17,8.12,2,1,1,0.033,0.565,0.14,"['Fri, 21 Jul 2017 18:42:00 GMT', -1, 'Fri, 21 Jul 2017 18:42:05 GMT']",2,"['https://healthservices.illinoisstate.edu', 'https://healthservices.illinoisstate.edu/pharmacy/', 'https://healthservices.illinoisstate.edu/pharmacy/birth-control.shtml']",1
Northern Illinois University,https://www.niu.edu/health-services,,,,,,,,,,,,,,,0
Northeastern Illinois University,https://www.neiu.edu/university-life/student-health-services,2,"['https://www.neiu.edu/university-life/student-health-services/services', 'https://www.neiu.edu/university-life/student-health-services/faqs']",1889,78.64,5.08,14,7,7,0.072,0.63,0.21,"[-1, -1]",1,"['https://www.neiu.edu/university-life/student-health-services', 'https://www.neiu.edu/university-life/student-health-services/faqs']",1
University of Illinois at Springfield,https://www.uis.edu/healthservices,5,"['https://www.uis.edu/healthservices/forms/', 'https://www.uis.edu/healthservices/services/', 'https://www.uis.edu/healthservices/wp-content/uploads/sites/102/2013/04/womens-health-update-53965-1.pdf']",2439,70.58,6.41,3,2,1,0.039,0.729,0.032,"[-1, -1, 'Wed, 30 Nov 2016 15:32:43 GMT', 'Wed, 30 Nov 2016 15:43:48 GMT', 'Thu, 10 Nov 2016 21:42:24 GMT']",1,"['https://www.uis.edu/healthservices', 'https://www.uis.edu/healthservices/forms/']",1
Southern Illinois University Carbondale,https://shc.siu.edu,,,,,,,,,,,,,,,0
Southern Illinois University Edwardsville,https://www.siue.edu/healthservice,10,"['https://www.siue.edu/healthservice/info/std.shtml', 'https://www.siue.edu/healthservice/faq.shtml', 'https://www.siue.edu/healthservice/travelers.shtml', 'https://www.siue.edu/healthservice/', 'https://www.siue.edu/healthservice/forms/brochures/HPV%20factsheet%20March%202014.pdf', 'http://www.siue.edu/healthservice/forms/brochures/Urinary%20Tract%20Infections%20Adults.pdf']",4685,75.02,5.98,11,6,5,0.058,0.505,0.105,"['Thu, 16 Jul 2020 20:44:02 GMT', -1, 'Thu, 16 Jul 2020 20:44:03 GMT', -1, -1, -1, 'Thu, 16 Jul 2020 20:44:03 GMT', 'Thu, 16 Jul 2020 20:44:03 GMT', 'Thu, 16 Jul 2020 20:44:03 GMT', -1]",0,['https://www.siue.edu/healthservice'],1
Western Illinois University,http://www.wiu.edu/student_services/beu_health_center,,,,,,,,,,,,,,,0
Ball State University,https://www.bsu.edu/campuslife/healthcenter,6,"['https://www.bsu.edu/campuslife/healthcenter/services/sexually-transmitted-infections', 'https://www.bsu.edu/campuslife/healthcenter/services/sexually-transmitted-infections/hpv', 'https://www.bsu.edu/campuslife/healthcenter/services/sexually-transmitted-infections/herpes', 'https://www.bsu.edu/campuslife/healthcenter/services/sexually-transmitted-infections/trichomonas', 'https://www.bsu.edu/campuslife/healthcenter/services/sexually-transmitted-infections/gcct', 'https://www.bsu.edu/campuslife/healthcenter/services/womens-center/obtaining-contraception/contraception']",3778,70.79,7.2,15,8,7,0.043,0.516,0.063,"[-1, -1, -1, -1, -1, -1]",2,"['https://www.bsu.edu/campuslife/healthcenter', 'https://www.bsu.edu/campuslife/healthcenter/services/womens-center', 'https://www.bsu.edu/campuslife/healthcenter/services/sexually-transmitted-infections']",1
Indiana University Purdue University Fort Wayne,https://www.pfw.edu/clinic,,,,,,,,,,,,,,,0
Indiana University Purdue University Indianapolis,https://health.iupui.edu,,,,,,,,,,,,,,,0
University of Southern Indiana,https://www.usi.edu/healthcenter,1,['https://www.usi.edu/healthcenter/services/womens-health'],291,69.66,6.17,2,1,1,0.027,0.762,0.048,[-1],2,"['https://www.usi.edu/healthcenter', 'https://www.usi.edu/healthcenter/services/', 'https://www.usi.edu/healthcenter/services/womens-health']",1
Indiana State University,https://www.indstate.edu/health-center,,,,,,,,,,,,,,,0
Indiana University Kokomo,https://www.iuk.edu/health-center,,,,,,,,,,,,,,,0
Indiana University South Bend,https://healthscience.iusb.edu/health-and-wellness-center,1,['https://healthscience.iusb.edu/health-and-wellness-center/sti-testing.html'],809,61.68,8.12,4,2,2,0.04,0.567,0.104,[-1],1,"['https://healthscience.iusb.edu/health-and-wellness-center', 'https://healthscience.iusb.edu/health-and-wellness-center/sti-testing.html']",1
Indiana University Bloomington,https://healthcenter.indiana.edu,10,"['https://healthcenter.indiana.edu/health-answers/sexual-health/condoms.html', 'https://healthcenter.indiana.edu/health-answers/contraception/condoms.html', 'https://healthcenter.indiana.edu/health-answers/sexual-health/safety-products.html', 'https://healthcenter.indiana.edu/health-answers/contraception/index.html', 'https://healthcenter.indiana.edu/health-answers/contraception/emergency-contraception.html', 'https://healthcenter.indiana.edu/health-answers/sexual-health/index.html', 'https://healthcenter.indiana.edu/health-answers/sexual-health/prep-hiv-prevention.html', 'https://healthcenter.indiana.edu/health-answers/contraception/ring.html', 'https://healthcenter.indiana.edu/health-answers/contraception/progestin.html', 'https://healthcenter.indiana.edu/health-answers/sexual-health/sti.html']",10105,59.93,9.29,301,200,101,0.159,0.545,0.124,"[-1, -1, -1, -1, -1, -1, -1, -1, -1, -1]",2,"['https://healthcenter.indiana.edu', 'https://healthcenter.indiana.edu/contact/request-presentations.html', 'https://healthcenter.indiana.edu/contact/wellness-form.html']",1
Indiana University Northwest,https://www.iun.edu/chhs/health-wellness-center-clinic,,,,,,,,,,,,,,,0
Indiana University East,https://www.iue.edu/health,1,['https://www.iue.edu/health/'],861,88.46,3.42,2,1,1,0.03,0.623,0.23,[-1],0,['https://www.iue.edu/health'],1
Purdue University Calumet Campus,https://www.purdue.edu/push,,,,,,,,,,,,,,,0
Purdue University North Central Campus,https://www.purdue.edu/push,,,,,,,,,,,,,,,0
Iowa State University,https://health.iastate.edu,10,"['https://health.iastate.edu/wellness/condom-distribution/', 'https://health.iastate.edu/services/sexual-health-2/', 'https://health.iastate.edu/wellness/resources/', 'https://health.iastate.edu/resources/faq/', 'https://health.iastate.edu/services/womens-health/', 'https://health.iastate.edu/doctors/', 'https://health.iastate.edu/wellness/alcoholedu/']",4196,71.84,6.4,72,45,27,0.151,0.605,0.123,"[-1, -1, -1, -1, -1, -1, -1, -1, -1, -1]",1,"['https://health.iastate.edu', 'https://health.iastate.edu/wellness/resources/']",1
University of Iowa,https://studenthealth.uiowa.edu,8,"['https://studenthealth.uiowa.edu/services/sexual-health/', 'https://studenthealth.uiowa.edu/resources/self-care-guide/sexual-health/', 'https://studenthealth.uiowa.edu/assets/health-history-form-with-gyn.pdf', 'https://studenthealth.uiowa.edu/fall-2020/', 'https://studenthealth.uiowa.edu/assets/Uploads/2017-NCHA-Report3.pdf']",2020,72.49,6.59,7,5,2,0.05,0.38,0.216,"[-1, -1, 'Fri, 12 Apr 2019 17:48:40 GMT', 'Mon, 11 May 2020 19:08:31 GMT', -1, -1, -1, -1]",1,"['https://studenthealth.uiowa.edu', 'https://studenthealth.uiowa.edu/fall-2020/']",1
University of Northern Iowa,https://health.uni.edu,2,['https://health.uni.edu/services/lab-testing'],677,63.56,9.38,3,2,1,0.047,0.553,0.152,"['Sun, 16 Aug 2020 19:56:55 GMT', 'Thu, 31 Jan 2019 19:57:21 GMT']",2,"['https://health.uni.edu', 'https://health.uni.edu/health-services', 'https://health.uni.edu/services/lab-testing']",1
Emporia State University,https://www.emporia.edu/student-life/health-wellness/student-health-services,1,['https://www.emporia.edu/student-life/health-wellness/student-health-services/student-health-services-frequently-asked-questions/'],1607,80.05,6.09,2,1,1,0.026,0.634,0.029,[-1],1,"['https://www.emporia.edu/student-life/health-wellness/student-health-services', 'https://www.emporia.edu/student-life/health-wellness/student-health-services/student-health-services-frequently-asked-questions/']",1
Fort Hays State University,https://www.fhsu.edu/student-health,,,,,,,,,,,,,,,0
University of Kansas,https://studenthealth.ku.edu,10,"['http://studenthealth.ku.edu/sites/studenthealth.ku.edu/files/docs/safersextools.pdf', 'https://studenthealth.ku.edu/sexual-health', 'https://studenthealth.ku.edu/womens-health', 'https://studenthealth.ku.edu/pharmacy', 'http://studenthealth.ku.edu/sites/studenthealth.ku.edu/files/docs/ncha/NCHA17Highlights.pdf', 'http://studenthealth.ku.edu/sites/studenthealth.ku.edu/files/docs/toilettalk/ToiletTalkMar2017.pdf?pdf=ToiletTalk-2017-Mar']",44789,71.18,6.5,4,2,2,0.029,0.558,0.158,"['Thu, 14 Nov 2019 15:40:07 GMT', 'Mon, 10 Sep 2018 20:21:35 GMT', 'Sun, 16 Aug 2020 20:57:19 GMT', 'Sun, 16 Aug 2020 20:57:19 GMT', 'Sun, 16 Aug 2020 20:57:20 GMT', 'Mon, 27 Aug 2018 20:23:19 GMT', 'Wed, 23 May 2018 20:18:12 GMT', 'Mon, 27 Aug 2018 20:02:01 GMT', 'Mon, 27 Aug 2018 20:44:10 GMT', 'Wed, 15 Mar 2017 16:47:25 GMT']",0,['https://studenthealth.ku.edu'],1
Kansas State University,https://www.k-state.edu/lafene,8,"['https://www.k-state.edu/lafene/shape/events.html', 'https://www.k-state.edu/lafene/shape/members.html', 'https://www.k-state.edu/lafene/shape/presentations.html', 'https://www.k-state.edu/lafene/documents/NCHA-2018.pdf', 'https://www.k-state.edu/lafene/shape/application.html']",2079,72.63,5.93,3,3,0,0.025,0.47,0.28,"[-1, -1, -1, 'Fri, 06 Jul 2018 19:14:02 GMT', 'Thu, 05 Jul 2018 15:08:28 GMT', 'Tue, 23 Jun 2020 16:36:37 GMT', -1, 'Fri, 06 Jul 2018 14:00:17 GMT']",-1,[],1
Pittsburg State University,https://pittstate.edu/office/health-services,2,['https://www.pittstate.edu/office/health-services/students.html'],2689,61.2,8.72,2,1,1,0.02,0.698,0.107,"[-1, 'Sun, 16 Aug 2020 17:28:14 GMT']",-1,[],1
Washburn University,https://washburn.edu/student-life/services/health-services,,,,,,,,,,,,,,,0
Wichita State University,https://www.wichita.edu/services/studenthealth,,,,,,,,,,,,,,,0
Eastern Kentucky University,https://healthservices.eku.edu,2,['https://healthservices.eku.edu/sexual-health-and-sti-testing'],446,75.06,5.8,2,1,1,0.024,0.421,0.107,"['Sun, 16 Aug 2020 21:00:33 +0000', 'Mon, 04 Aug 2014 20:00:05 GMT']",1,"['https://healthservices.eku.edu', 'https://healthservices.eku.edu/sexual-health-and-sti-testing']",1
Kentucky State University,https://kysu.edu/administration-governance/enrollment-management-and-student-engagement/health-services,,,,,,,,,,,,,,,0
University of Kentucky,https://ukhealthcare.uky.edu/university-health-service/student-health,1,['https://ukhealthcare.uky.edu/university-health-service/student-health/faqs'],1976,97.77,2.49,6,3,3,0.05,0.695,0.177,"['Sun, 16 Aug 2020 20:25:00 GMT']",1,"['https://ukhealthcare.uky.edu/university-health-service/student-health', 'https://ukhealthcare.uky.edu/university-health-service/student-health/faqs']",1
University of Louisville,http://louisville.edu/campushealth,9,"['https://louisville.edu/campushealth/services/medical-care/sexual-health-contraception', 'https://louisville.edu/campushealth/emergencies/contraception', 'https://louisville.edu/campushealth/files/sexually-transmitted-infection', 'https://louisville.edu/campushealth/files/self-care/copy_of_WhatareEmergencyContraceptivePills.pdf', 'https://louisville.edu/campushealth/files/prep-faq-sheet', 'https://louisville.edu/campushealth/files/self-care/guidelines-for-vulvar-skin-care', 'https://louisville.edu/campushealth/files/new-patient-forms']",46252,62.15,7.97,4,2,2,0.038,0.478,0.327,"['Thu, 19 Jul 2018 13:37:06 GMT', 'Tue, 12 Sep 2017 23:40:15 GMT', 'Wed, 19 Mar 2014 13:20:38 GMT', 'Wed, 19 Mar 2014 13:16:28 GMT', 'Mon, 17 Mar 2014 16:16:18 GMT', 'Thu, 12 Jul 2018 20:34:30 GMT', 'Mon, 24 Mar 2014 15:23:26 GMT', 'Sun, 16 Mar 2014 23:41:08 GMT', 'Mon, 19 Feb 2018 19:04:32 GMT']",1,"['http://louisville.edu/campushealth', 'http://louisville.edu/campushealth/about-us/organizational-chart']",1
Morehead State University,https://www.moreheadstate.edu/chs,,,,,,,,,,,,,,,0
Murray State University,https://www.murraystate.edu/campus,,,,,,,,,,,,,,,0
Northern Kentucky University,https://inside.nku.edu,10,"['https://inside.nku.edu/hcsw/health/respect-and-protect.html', 'https://inside.nku.edu/hcsw/health.html', 'https://inside.nku.edu/content/dam/humanresources/docs/Benefits/LandingPage/BenefitsColumn/Preventive%20Medication%20Coverage.pdf', 'https://inside.nku.edu/content/dam/student-government-association/PastAdministrations/SGA18-19/Resolutions/2018.2019.01%20Hygiene%20Products%20.pdf', 'https://inside.nku.edu/content/dam/titleix/docs/Title%20IX%20Introductory%20Training_BrickerEckler.pdf', 'https://inside.nku.edu/content/dam/coehs/old/docs/EPSBProgramSubmissions/SamplingofContentAreaSyllabi/HealthEducation/HEA230_elkinsr3_Spring2017.pdf']",1390,69.18,6.7,8,4,4,0.047,0.503,0.238,"['Sun, 16 Aug 2020 16:49:40 GMT', 'Sun, 16 Aug 2020 17:31:21 GMT', 'Wed, 13 Dec 2017 20:07:28 GMT', 'Thu, 22 Feb 2018 18:33:38 GMT', 'Thu, 06 Aug 2020 20:48:47 GMT', 'Mon, 15 Apr 2019 22:03:22 GMT', 'Tue, 01 May 2018 13:06:16 GMT', 'Thu, 06 Aug 2020 20:45:19 GMT', 'Thu, 06 Aug 2020 21:19:40 GMT', 'Mon, 27 Feb 2017 16:35:19 GMT']",3,"['https://inside.nku.edu', 'https://inside.nku.edu/giving.html', 'https://inside.nku.edu/giving/thanks/Thanks.html', 'https://inside.nku.edu/content/dam/giving/docs/TEMPLATE_Student.docx']",1
Western Kentucky University,https://www.wku.edu/healthservices,10,"['https://www.wku.edu/healthservices/news/index.php?view=article&articleid=2629', 'https://www.wku.edu/healthservices/health-ed/calendar/index.php?eventid=3099&view=event', 'https://www.wku.edu/healthservices/news/index.php?view=article&articleid=643', 'https://www.wku.edu/healthservices/news/index.php?view=article&articleid=2139', 'https://www.wku.edu/healthservices/news/index.php?view=article&articleid=632&return=archive', 'https://www.wku.edu/healthservices/news/index.php?view=article&articleid=839', 'https://www.wku.edu/healthservices/news/index.php?view=archive&archivepage=1', 'https://www.wku.edu/healthservices/news/index.php?view=article&articleid=718', 'https://www.wku.edu/healthservices/news/index.php?view=article&articleid=502', 'https://www.wku.edu/healthservices/news/index.php?view=article&articleid=717']",15571,68.31,8.9,66,41,25,0.097,0.566,0.131,"[-1, -1, -1, -1, -1, -1, -1, -1, -1, -1]",-1,[],1
Grambling State University,https://www.gram.edu/student-life/services/health-center,2,['https://www.gram.edu/student-life/services/health-center/services.php'],1213,73.67,5.88,2,1,1,0.028,0.578,-0.085,"[-1, -1]",-1,[],1
Louisiana State University Alexandria,https://www.lsua.edu/campus-life/health-services,,,,,,,,,,,,,,,0
Louisiana State University and Agricultural & Mechanical College,https://lsu.edu/shc,,,,,,,,,,,,,,,0
Louisiana State University Shreveport,https://www.lsuhs.edu,,,,,,,,,,,,,,,0
Louisiana Tech University,https://guiceblog.latech.edu/2016/11/28/a-paige-from-our-student-health-center,,,,,,,,,,,,,,,0
McNeese State University,https://www.mcneese.edu/health-services,,,,,,,,,,,,,,,0
University of New Orleans,https://www.uno.edu/campus-health,,,,,,,,,,,,,,,0
Nicholls State University,https://www.nicholls.edu/health,,,,,,,,,,,,,,,0
University of Louisiana at Monroe,https://www.ulm.edu/healthclinic,,,,,,,,,,,,,,,0
Northwestern State University of Louisiana,https://www.nsula.edu/health,,,,,,,,,,,,,,,0
Southeastern Louisiana University,https://www.southeastern.edu/admin/health_ctr,3,['http://www.southeastern.edu/admin/health_ctr/about/index.html'],1686,106.12,0.6,4,2,2,0.045,0.608,-0.033,"['Tue, 28 May 2019 17:42:20 GMT', -1, -1]",1,"['https://www.southeastern.edu/admin/health_ctr', 'https://www.southeastern.edu/admin/health_ctr/about/index.html']",1
Southern University and A & M College,https://www.subr.edu/page/14,,,,,,,,,,,,,,,0
Southern University at New Orleans,http://www.suno.edu/page/counseling-services,,,,,,,,,,,,,,,0
University of Louisiana at Lafayette,https://studenthealth.louisiana.edu,1,['https://studenthealth.louisiana.edu/content/about-us/frequent-questions'],2128,88.89,4.12,5,3,2,0.06,0.827,0,"['Sun, 16 Aug 2020 22:53:25 GMT']",1,"['https://studenthealth.louisiana.edu', 'https://studenthealth.louisiana.edu/content/about-us/frequent-questions']",1
University of Maine at Farmington,http://www2.umf.maine.edu/studenthealth,4,"['http://www2.umf.maine.edu/studenthealth/emergency-contraception/', 'http://www2.umf.maine.edu/studenthealth/available-birth-control/', 'http://www2.umf.maine.edu/studenthealth/new-students/recommended-immunizations/', 'http://www2.umf.maine.edu/studenthealth/health-care-services/']",1882,78.91,5.21,12,7,5,0.065,0.536,0.009,"[-1, -1, -1, 'Sun, 16 Aug 2020 22:51:44 GMT']",1,"['http://www2.umf.maine.edu/studenthealth', 'http://www2.umf.maine.edu/studenthealth/emergency-contraception/']",1
University of Maine at Fort Kent,https://www.umfk.edu/wellness/clinic,,,,,,,,,,,,,,,0
University of Maine at Machias,https://machias.edu/campus-life/student-services,,,,,,,,,,,,,,,0
University of Maine,https://umaine.edu/wellness,2,"['https://umaine.edu/wellness/programs/', 'https://umaine.edu/wellness/resources/']",1567,77.42,5.7,4,2,2,0.026,0.555,0.209,"[-1, -1]",1,"['https://umaine.edu/wellness', 'https://umaine.edu/wellness/resources/']",1
Maine Maritime Academy,https://mainemaritime.edu/student-life/health-and-counseling-services,,,,,,,,,,,,,,,0
University of Maine at Presque Isle,https://www.umpi.edu/offices/health-services,,,,,,,,,,,,,,,0
University of Southern Maine,https://usm.maine.edu/uhcs/health-services,1,['https://usm.maine.edu/uhcs/health-services'],502,70.3,6.13,2,1,1,0.023,0.637,0.127,"['Sun, 16 Aug 2020 05:09:30 GMT']",0,['https://usm.maine.edu/uhcs/health-services'],1
University of Baltimore,https://www.ubalt.edu/campus-life/recreation-and-wellness,,,,,,,,,,,,,,,0
Bowie State University,https://bowiestate.edu/campus-life/health-and-wellness/henry-wise-wellness-center,4,"['https://bowiestate.edu/campus-life/health-and-wellness/henry-wise-wellness-center/sexual-health/condoms.php', 'https://bowiestate.edu/campus-life/health-and-wellness/henry-wise-wellness-center/sexual-health/index.php', 'https://bowiestate.edu/campus-life/health-and-wellness/henry-wise-wellness-center/sexual-health/womens-health.php', 'https://bowiestate.edu/campus-life/health-and-wellness/henry-wise-wellness-center/sexual-health/stis-hiv.php']",1713,77.23,5,13,7,6,0.122,0.575,0.218,"[-1, -1, -1, -1]",2,"['https://bowiestate.edu/campus-life/health-and-wellness/henry-wise-wellness-center', 'https://bowiestate.edu/campus-life/health-and-wellness/henry-wise-wellness-center/sexual-health/', 'https://bowiestate.edu/campus-life/health-and-wellness/henry-wise-wellness-center/sexual-health/condoms.php']",1
Coppin State University,https://www.coppin.edu/chc,,,,,,,,,,,,,,,0
Frostburg State University,https://www.frostburg.edu/brady-health,3,"['https://www.frostburg.edu/brady-health/family.php', 'https://www.frostburg.edu/brady-health/Services/womens-healthbirth-control.php']",1175,72.83,6.34,6,3,3,0.04,0.612,0.086,"[-1, 'Tue, 25 Jul 2017 11:17:21 GMT', -1]",1,"['https://www.frostburg.edu/brady-health', 'https://www.frostburg.edu/brady-health/Services/womens-healthbirth-control.php']",1
University of Maryland University College,https://health.umd.edu,7,"['http://health.umd.edu/wellness-advocacy/sexual-health', 'http://health.umd.edu/wellness-advocacy-sexual-health/sexual-health-referrals', 'https://health.umd.edu/home/covid-19-uhc-operations', 'http://health.umd.edu/sites/default/files/inline-files/Annual%20Report%202017-18%204.pdf', 'https://health.umd.edu/sites/default/files/inline-files/UHCAnnualReport2018-19Web.pdf']",4238,69.44,6.9,12,7,5,0.046,0.509,0.221,"[-1, -1, 'Fri, 14 Aug 2020 17:12:42 GMT', 'Wed, 09 Jan 2019 21:50:58 GMT', -1, 'Wed, 12 Sep 2018 20:54:49 GMT', 'Sat, 28 Sep 2019 16:01:20 GMT']",1,"['https://health.umd.edu', 'https://health.umd.edu/home/covid-19-uhc-operations']",1
University of Maryland Baltimore County,https://www.umaryland.edu/studenthealth/student-health-center,,,,,,,,,,,,,,,0
University of Maryland College Park,https://health.umd.edu,7,"['http://health.umd.edu/wellness-advocacy/sexual-health', 'http://health.umd.edu/wellness-advocacy-sexual-health/sexual-health-referrals', 'https://health.umd.edu/home/covid-19-uhc-operations', 'http://health.umd.edu/sites/default/files/inline-files/Annual%20Report%202017-18%204.pdf', 'https://health.umd.edu/sites/default/files/inline-files/UHCAnnualReport2018-19Web.pdf']",4238,69.44,6.9,12,7,5,0.046,0.509,0.221,"[-1, -1, 'Fri, 14 Aug 2020 17:12:42 GMT', 'Wed, 09 Jan 2019 21:50:58 GMT', -1, 'Wed, 12 Sep 2018 20:54:49 GMT', 'Sat, 28 Sep 2019 16:01:20 GMT']",1,"['https://health.umd.edu', 'https://health.umd.edu/home/covid-19-uhc-operations']",1
University of Maryland Eastern Shore,https://www.umes.edu/StudentHealth,,,,,,,,,,,,,,,0
Morgan State University,https://www.morgan.edu/healthservices,,,,,,,,,,,,,,,0
Salisbury University,https://www.salisbury.edu/administration/student-affairs/student-health-services,4,"['https://www.salisbury.edu/administration/student-affairs/student-health-services/services/self-care.aspx', 'https://www.salisbury.edu/administration/student-affairs/student-health-services/services/std-testing.aspx', 'https://www.salisbury.edu/administration/student-affairs/student-health-services/services/gyno.aspx', 'https://www.salisbury.edu/administration/student-affairs/student-health-services/health-links/contraceptive-resources.aspx']",2415,69,7.1,11,6,5,0.056,0.666,0.078,"[-1, -1, -1, -1]",1,"['https://www.salisbury.edu/administration/student-affairs/student-health-services', 'https://www.salisbury.edu/administration/student-affairs/student-health-services/services/gyno.aspx']",1
St Mary's College of Maryland,https://www.smcm.edu/wellness,3,"['https://www.smcm.edu/wellness/health-services/services/', 'http://www.smcm.edu/wellness/wp-content/uploads/sites/95/2020/06/SCOPE-of-SERVICES-JUN2020.pdf']",1340,73.47,5.74,2,1,1,0.027,0.526,0.103,"[-1, -1, -1]",1,"['https://www.smcm.edu/wellness', 'https://www.smcm.edu/wellness/health-services/services/']",1
Towson University,https://www.towson.edu/healthcenter,4,"['https://www.towson.edu/healthcenter/health-education/sexual-health.html', 'https://www.towson.edu/healthcenter/health-education/peer-education/sexual-health-education/safer-sex-supply-grant.html', 'https://www.towson.edu/healthcenter/services.html']",6182,83.86,4.43,20,10,10,0.043,0.605,0.146,"[-1, -1, -1, 'Fri, 28 Jun 2019 15:41:46 GMT']",1,"['https://www.towson.edu/healthcenter', 'https://www.towson.edu/healthcenter/services.html']",1
Bridgewater State University,https://www.bridgew.edu/student-life/wellness-safety/health-services,,,,,,,,,,,,,,,0
Fitchburg State University,https://www.fitchburgstate.edu/offices-services-directory/health-services,2,"['https://www.fitchburgstate.edu/offices-services-directory/health-services/services-provided/', 'https://www.fitchburgstate.edu/offices-services-directory/health-services/health-services-common-issues/']",3538,83.22,4.3,4,2,2,0.029,0.556,0.189,"['Sun, 16 Aug 2020 23:01:14 GMT', 'Sun, 16 Aug 2020 23:01:17 GMT']",1,"['https://www.fitchburgstate.edu/offices-services-directory/health-services', 'https://www.fitchburgstate.edu/offices-services-directory/health-services/services-provided/']",1
Framingham State University,https://www.framingham.edu/student-life/health-center,,,,,,,,,,,,,,,0
University of Massachusetts Lowell,https://www.uml.edu/student-services/health,1,['https://www.uml.edu/student-services/health-education/events/'],285,77.51,5.34,3,2,1,0.054,0.477,0.375,-1,-1,[],1
University of Massachusetts Amherst,https://www.umass.edu/uhs,9,"['https://www.umass.edu/uhs/services/pharmacy/contraception', 'https://www.umass.edu/uhs/services-and-programs/medical-care/sexual-health-stis-and-hiv/pep-and-prep', 'https://www.umass.edu/uhs/services-and-programs/medical-care/sexual-health-stis-and-hiv', 'https://www.umass.edu/uhs/services-and-programs/medical-care/sexual-health-stis-and-hiv/sexual-health-fact-sheets', 'https://www.umass.edu/uhs/services-and-programs/medical-care/sexual-health-stis-and-hiv/sti-and-hiv-testing', 'https://www.umass.edu/uhs/services/pharmacy/otc', 'https://www.umass.edu/uhs/accesstocare/tips', 'https://www.umass.edu/uhs/sites/default/files/documents/event_flyers/HPV%20fact%20sheet.pdf']",3611,68.14,7.37,19,11,8,0.057,0.518,0.197,"[-1, -1, -1, -1, -1, -1, -1, 'Wed, 19 Nov 2014 20:00:51 GMT', 'Wed, 06 May 2015 19:09:21 GMT']",2,"['https://www.umass.edu/uhs', 'https://www.umass.edu/uhs/accesstocare/locations', 'https://www.umass.edu/uhs/accesstocare/tips']",1
University of Massachusetts Boston,https://www.umb.edu/healthservices,2,"['https://www.umb.edu/healthservices/general_medicine/services_offered', 'https://www.umb.edu/healthservices/hew/hiv_aids']",1044,75.46,5.41,4,2,2,0.029,0.536,0.312,"['Fri, 07 Aug 2020 02:28:42 GMT', 'Fri, 14 Aug 2020 22:45:39 GMT']",2,"['https://www.umb.edu/healthservices', 'https://www.umb.edu/healthservices/my_health_beacon_portal', 'https://www.umb.edu/healthservices/general_medicine/services_offered']",1
Massachusetts Maritime Academy,https://www.maritime.edu/health-services,,,,,,,,,,,,,,,0
Massachusetts College of Liberal Arts,http://www.mcla.edu/Student_Life/wellness/healthservices,,,,,,,,,,,,,,,0
Salem State University,https://www.salemstate.edu/campus-life/student-services/counseling-and-health-services/health-services,1,['https://www.salemstate.edu/campus-life/student-services/counseling-and-health-services/health-services/sexual-health-services'],2182,65.11,9.36,8,4,4,0.033,0.526,0.184,"['Sun, 16 Aug 2020 13:52:16 GMT']",1,"['https://www.salemstate.edu/campus-life/student-services/counseling-and-health-services/health-services', 'https://www.salemstate.edu/campus-life/student-services/counseling-and-health-services/health-services/sexual-health-services']",1
University of Massachusetts Dartmouth,https://www.umassd.edu/studentaffairs/health,2,"['https://www.umassd.edu/studentaffairs/health/faqs/', 'https://www.umassd.edu/studentaffairs/health/lgbtqresourcesservices/']",1729,91.34,3.16,2,1,1,0.022,0.674,0.084,"['Thu, 13 Aug 2020 03:05:29 GMT', 'Thu, 13 Aug 2020 03:05:30 GMT']",1,"['https://www.umassd.edu/studentaffairs/health', 'https://www.umassd.edu/studentaffairs/health/lgbtqresourcesservices/']",1
Westfield State University,http://www.westfield.ma.edu/student-life/health-services,2,"['http://www.westfield.ma.edu/student-life/health-services/std-clinics', 'http://www.westfield.ma.edu/student-life/health-services/hiv-infection-aids']",1631,70.58,6.98,14,9,5,0.087,0.472,0.108,"['Sun, 16 Aug 2020 23:11:53 GMT', 'Sun, 16 Aug 2020 23:11:54 GMT']",1,"['http://www.westfield.ma.edu/student-life/health-services', 'http://www.westfield.ma.edu/student-life/health-services/std-clinics']",1
Worcester State University,https://www.worcester.edu/Health-Services,,,,,,,,,,,,,,,0
Central Michigan University,https://www.cmich.edu/lifeatCMU/Pages,,,,,,,,,,,,,,,0
Eastern Michigan University,https://www.emich.edu/uhs,,,,,,,,,,,,,,,0
Ferris State University,https://www.ferris.edu/htmls/studentlife/hcenter,1,['https://www.ferris.edu/HTMLS/studentlife/HCenter/services/contraceptive.htm'],403,78.82,4.49,2,1,1,0.032,0.701,0.228,[-1],-1,[],1
Grand Valley State University,https://www.gvsu.edu/campushealth,,,,,,,,,,,,,,,0
Lake Superior State University,https://www.lssu.edu/health-care-center,1,['https://www.lssu.edu/health-care-center/services/'],969,66.37,6.61,2,1,1,0.023,0.733,0.167,[-1],1,"['https://www.lssu.edu/health-care-center', 'https://www.lssu.edu/health-care-center/services/']",1
University of Michigan Ann Arbor,https://uhs.umich.edu,10,"['https://uhs.umich.edu/contraception-external-condom', 'https://uhs.umich.edu/sss', 'https://uhs.umich.edu/contraception-other', 'https://uhs.umich.edu/contraception-internal-condom', 'https://uhs.umich.edu/tags/sexual-health', 'https://uhs.umich.edu/sxhresources', 'https://www.uhs.umich.edu/tags/contraception?page=1', 'https://uhs.umich.edu/healthtopics?page=6', 'https://uhs.umich.edu/articles?items_per_page=5&page=27', 'https://www.uhs.umich.edu/articles/popular/13?items_per_page=10&page=17']",7905,81.95,4.86,260,174,86,0.241,0.576,0.105,"[-1, -1, -1, -1, -1, -1, -1, -1, -1, -1]",2,"['https://uhs.umich.edu', 'https://uhs.umich.edu/gyn-sexual-health', 'https://uhs.umich.edu/sxhresources']",1
Michigan State University,https://olin.msu.edu,8,"['https://olin.msu.edu/healthpromo/sexualwellness/hiv.htm', 'https://olin.msu.edu/prep', 'https://olin.msu.edu/pdfs/PSYIntake.pdf', 'https://olin.msu.edu/services/womens-health.html', 'https://olin.msu.edu/_assets/pdfs/services/The-Medical-Care-of-Transgender-Persons.pdf']",5867,78.52,5.63,182,121,61,0.166,0.525,0.173,"[-1, -1, 'Mon, 10 Aug 2020 06:53:25 GMT', -1, 'Mon, 15 Jun 2020 19:43:10 GMT', 'Mon, 10 Aug 2020 06:53:14 GMT', -1, 'Mon, 10 Aug 2020 06:53:25 GMT']",1,"['https://olin.msu.edu', 'https://olin.msu.edu/index.html']",1
Michigan Technological University,https://www.mtu.edu/deanofstudents/students/services,,,,,,,,,,,,,,,0
University of Michigan Dearborn,https://umdearborn.edu/campus-life/health-wellness,,,,,,,,,,,,,,,0
University of Michigan Flint,https://www.umflint.edu/dsa/student-health-services,,,,,,,,,,,,,,,0
Northern Michigan University,https://www.nmu.edu/healthcenter,2,['https://www.nmu.edu/healthcenter/pharmacy'],1410,71.76,5.98,2,1,1,0.022,0.696,0.184,"[-1, 'Fri, 31 Mar 2017 14:52:35 GMT']",1,"['https://www.nmu.edu/healthcenter', 'https://www.nmu.edu/healthcenter/pharmacy']",1
Oakland University,https://oakland.edu/ghc,4,"['https://oakland.edu/ghc/community/', 'https://oakland.edu/ghc/health/', 'https://oakland.edu/ghc/emergency/', 'https://oakland.edu/ghc/studentinsurance/']",4747,65.39,8.07,11,6,5,0.051,0.638,0.023,"['Thu, 06 Aug 2020 02:16:35 GMT', 'Wed, 12 Aug 2020 15:16:51 GMT', 'Wed, 12 Aug 2020 15:08:13 GMT', 'Wed, 12 Aug 2020 15:03:33 GMT']",1,"['https://oakland.edu/ghc', 'https://oakland.edu/ghc/health/index']",1
Saginaw Valley State University,https://www.svsu.edu/universityhealthcenter,,,,,,,,,,,,,,,0
Wayne State University,https://health.wayne.edu,10,"['https://health.wayne.edu/sp_faq/what-is-the-condom-club/', 'https://health.wayne.edu/sexual-health/', 'https://health.wayne.edu/sp_faq/can-redeem-full-condom-card-get-50-condoms/', 'https://health.wayne.edu/sp_faq/many-condom-club-cards-can-buy-per-semester/', 'http://health.wayne.edu/sp_faq/condoms-best-option-men-size-condom-matter/', 'https://health.wayne.edu/sp_faq/lost-condom-card/', 'http://health.wayne.edu/birth-control/', 'https://health.wayne.edu/faq/', 'http://health.wayne.edu/campus-health-center-information/', 'https://health.wayne.edu/the-zika-virus-and-your-spring-break/']",12758,82,5.17,127,80,47,0.147,0.533,0.193,"[-1, -1, -1, -1, -1, -1, -1, -1, -1, -1]",1,"['https://health.wayne.edu', 'https://health.wayne.edu/faq/']",1
Western Michigan University,https://wmich.edu/healthcenter,3,"['https://wmich.edu/healthcenter/clinic/services/contraception', 'https://wmich.edu/healthcenter/top5/sti', 'https://wmich.edu/healthcenter/top5/sex-consent']",1212,72.05,6.55,11,6,5,0.057,0.524,0.22,"[-1, -1, -1]",3,"['https://wmich.edu/healthcenter', 'https://wmich.edu/healthcenter/clinic/covid-19/covid-testing', 'https://wmich.edu/healthcenter/clinic/services', 'https://wmich.edu/healthcenter/clinic/services/contraception']",1
Bemidji State University,https://www.bemidjistate.edu/services/health-counseling,1,['https://www.bemidjistate.edu/services/health-counseling/health-services/services-provided/'],925,56.07,9.15,2,1,1,0.021,0.509,0.222,[-1],1,"['https://www.bemidjistate.edu/services/health-counseling', 'https://www.bemidjistate.edu/services/health-counseling/health-services/services-provided/']",1
Minnesota State University Mankato,http://www.mnsu.edu/shs,10,"['https://www.mnsu.edu/shs/condomconnection.html', 'http://www.mnsu.edu/shs/healtheducation/', 'https://www.mnsu.edu/shs/healtheducation/healthpro/hpprogs.html', 'https://www.mnsu.edu/shs/ondomonnection.html', 'https://www.mnsu.edu/shs/clinic/free4u.html', 'https://www.mnsu.edu/shs/hpvgenitalwarts.html', 'https://www.mnsu.edu/shs/relaxationstation.html', 'https://www.mnsu.edu/shs/healtheducation/healthpro/']",4032,77.08,5.59,23,17,6,0.082,0.533,0.222,"[-1, 'Mon, 21 Feb 2011 20:43:43 GMT', 'Wed, 11 Sep 2019 13:42:02 GMT', 'Wed, 11 Sep 2019 13:51:12 GMT', -1, 'Fri, 04 Sep 2015 20:57:52 GMT', -1, 'Tue, 21 Mar 2017 19:14:47 GMT', 'Fri, 06 Jan 2017 17:24:32 GMT', 'Thu, 29 Aug 2019 15:05:23 GMT']",1,"['http://www.mnsu.edu/shs', 'http://www.mnsu.edu/shs/healtheducation/']",1
Metropolitan State University,https://www.msudenver.edu/healthcenter,1,['https://www.msudenver.edu/healthcenter/medicalservices/freeclinicalservices/'],1464,79.61,5.65,2,2,0,0.042,0.756,0.006,"['Tue, 25 Feb 2020 01:53:22 GMT']",2,"['https://www.msudenver.edu/healthcenter', 'https://www.msudenver.edu/healthcenter/medicalservices/', 'https://www.msudenver.edu/healthcenter/medicalservices/freeclinicalservices/']",1
University of Minnesota Twin Cities,https://twin-cities.umn.edu/health-medicine,,,,,,,,,,,,,,,0
University of Minnesota Crookston,https://www.crk.umn.edu/units/health-services,,,,,,,,,,,,,,,0
University of Minnesota Duluth,https://www.d.umn.edu/health-services,2,"['https://www.d.umn.edu/health-services/medical-services/services-provided/sexual-health', 'https://www.d.umn.edu/health-services/medical-services/services-provided/sexually-transmitted-infections']",1956,64.7,8.03,11,6,5,0.049,0.527,0.214,"['Sun, 16 Aug 2020 17:07:03 GMT', 'Sun, 16 Aug 2020 04:28:31 GMT']",1,"['https://www.d.umn.edu/health-services', 'https://www.d.umn.edu/health-services/medical-services/services-provided/sexually-transmitted-infections']",1
University of Minnesota Morris,https://students.morris.umn.edu/health-and-wellness/health-service,,,,,,,,,,,,,,,0
Minnesota State University Moorhead,https://www2.mnstate.edu/counseling-services,,,,,,,,,,,,,,,0
Saint Cloud State University,https://www.stcloudstate.edu/medicalclinic,6,"['https://www.stcloudstate.edu/medicalclinic/medical-clinic/sexual-health.aspx', 'https://www.stcloudstate.edu/medicalclinic/_files/documents/data/2004-ACHA-NCHA-executive-summary.pdf', 'https://www.stcloudstate.edu/medicalclinic/_files/documents/data/2007-ACHA-NCHA-executive-summary.pdf']",540,102.04,1.23,1,1,0,0.024,0.722,0.167,"[-1, 'Wed, 19 Jun 2019 21:23:56 GMT', 'Wed, 19 Jun 2019 21:23:56 GMT', 'Wed, 19 Jun 2019 21:23:56 GMT', 'Wed, 19 Jun 2019 21:23:56 GMT', 'Wed, 19 Jun 2019 21:23:56 GMT']",2,"['https://www.stcloudstate.edu/medicalclinic', 'https://www.stcloudstate.edu/medicalclinic/medical-clinic/default.aspx', 'https://www.stcloudstate.edu/medicalclinic/medical-clinic/sexual-health.aspx']",1
Southwest Minnesota State University,https://www.smsu.edu/campuslife/healthservices,,,,,,,,,,,,,,,0
Winona State University,https://www.winona.edu/healthservices,2,['https://www.winona.edu/healthservices/clinicservices.asp'],1380,60.21,7.55,2,1,1,0.029,0.556,0.3,"['Tue, 28 Feb 2017 20:51:20 GMT', -1]",1,"['https://www.winona.edu/healthservices', 'https://www.winona.edu/healthservices/clinicservices.asp']",1
Alcorn State University,https://www.alcorn.edu/academics/student-affairs/health-and-disability-services/health-services,,,,,,,,,,,,,,,0
Delta State University,http://www.deltastate.edu/student-affairs/student-health-services,,,,,,,,,,,,,,,0
Jackson State University,https://www.jsums.edu/healthservices,,,,,,,,,,,,,,,0
University of Mississippi,https://healthcenter.olemiss.edu,1,['https://healthcenter.olemiss.edu/services-2/'],4158,73.43,6.41,4,2,2,0.031,0.384,0.079,[-1],1,"['https://healthcenter.olemiss.edu', 'https://healthcenter.olemiss.edu/services-2/']",1
Mississippi University for Women,https://www.muw.edu/centers/healthcenter,,,,,,,,,,,,,,,0
Mississippi Valley State University,https://www.mvsu.edu/campus-facilities-services/main-campus/health-center,,,,,,,,,,,,,,,0
Mississippi State University,https://www.healthcenter.msstate.edu,,,,,,,,,,,,,,,0
University of Southern Mississippi,https://www.usm.edu/student-health-services,3,"['https://www.usm.edu/student-health-services/services-we-offer.php', 'https://www.usm.edu/student-health-services/sexual_health.php', 'https://www.usm.edu/student-health-services/womens_health.php']",4058,82.49,4.53,3,2,1,0.035,0.37,0.212,"[-1, -1, -1]",1,"['https://www.usm.edu/student-health-services', 'https://www.usm.edu/student-health-services/services-we-offer.php']",1
University of Central Missouri,https://www.ucmo.edu/offices/health-center,1,['https://www.ucmo.edu/offices/health-center/services/'],2803,82.63,4.39,14,7,7,0.077,0.539,0.214,[-1],1,"['https://www.ucmo.edu/offices/health-center', 'https://www.ucmo.edu/offices/health-center/services/index.php']",1
Harris Stowe State University,http://go.hssu.edu/rsp_content.cfm?wid=74&pid=1905&CFID=6282041&CFTOKEN=1cfb559d8292f9fc-5274A4D3-E1C6-55ED-3D657C6259D99D7A,,,,,,,,,,,,,,,0
Lincoln University of Missouri,https://bluetigerportal.lincolnu.edu/web/thompkins-health-center,,,,,,,,,,,,,,,0
Missouri Southern State University,https://www.mssu.edu/student-affairs/willcoxon-health-center,1,['https://www.mssu.edu/student-affairs/willcoxon-health-center/frequently-asked-questions.php'],662,68.42,7.59,2,1,1,0.026,0.512,0.204,[-1],1,"['https://www.mssu.edu/student-affairs/willcoxon-health-center', 'https://www.mssu.edu/student-affairs/willcoxon-health-center/frequently-asked-questions.php']",1
Missouri Western State University,https://www.missouriwestern.edu/student-services/health-center,,,,,,,,,,,,,,,0
University of Missouri Columbia,https://studenthealth.missouri.edu,,,,,,,,,,,,,,,0
University of Missouri Kansas City,https://www.umkc.edu/studenthealth,2,['https://www.umkc.edu/studenthealth/services-and-info/mens-health.html'],502,66.11,7.32,2,1,1,0.021,0.518,0.183,"['Wed, 12 Aug 2020 21:10:02 GMT', 'Wed, 12 Aug 2020 21:10:13 GMT']",2,"['https://www.umkc.edu/studenthealth', 'https://www.umkc.edu/studenthealth/appointments/forms.html', 'https://www.umkc.edu/studenthealth/docs/health-history-form-071818.docx']",1
Missouri University of Science and Technology,https://studenthealth.mst.edu,1,['https://studenthealth.mst.edu/ourservices/stitesting/'],536,79.02,5.45,2,1,1,0.025,0.627,0.136,"['Sun, 16 Aug 2020 10:30:34 GMT']",1,"['https://studenthealth.mst.edu', 'https://studenthealth.mst.edu/ourservices/stitesting/']",1
University of Missouri St Louis,http://www.umsl.edu/hcdas/health,,,,,,,,,,,,,,,0
Truman State University,https://studenthealth.truman.edu,,,,,,,,,,,,,,,0
Northwest Missouri State University,https://www.nwmissouri.edu/wellness,,,,,,,,,,,,,,,0
Southeast Missouri State University,https://semo.edu/healthclinic,1,['https://semo.edu/healthclinic/services/women.html'],1149,60.06,7.37,2,1,1,0.026,0.622,0.171,[-1],1,"['https://semo.edu/healthclinic', 'https://semo.edu/healthclinic/services/women.html']",1
Missouri State University Springfield,https://health.missouristate.edu,2,"['https://health.missouristate.edu/students/resources.htm', 'https://health.missouristate.edu/ask-a-student-wellness-question.htm']",2639,73.38,5.96,6,4,2,0.043,0.52,0.07,"['Sun, 16 Aug 2020 04:45:55 GMT', 'Thu, 06 Aug 2020 04:47:48 GMT']",2,"['https://health.missouristate.edu', 'https://health.missouristate.edu/whattobring.htm', 'https://health.missouristate.edu/Assets/health/Insurance_Information_Document.docx']",1
Montana State University Billings,https://www.msubillings.edu/studenthealth,2,"['https://www.msubillings.edu/studenthealth/wellness/shealth.htm', 'https://www.msubillings.edu/studenthealth/heroes/tgit.htm']",858,82.52,4.22,9,6,3,0.086,0.446,0.142,"[-1, -1]",2,"['https://www.msubillings.edu/studenthealth', 'https://www.msubillings.edu/studenthealth/wellness/index.htm', 'https://www.msubillings.edu/studenthealth/wellness/shealth.htm']",1
Montana Tech of the University of Montana,https://www.mtech.edu/student-services,,,,,,,,,,,,,,,0
Montana State University,https://www.montana.edu/health,1,['https://www.montana.edu/health/medicalservices/travelclinic/zika.html'],874,74.75,5.92,2,1,1,0.022,0.392,0.26,[-1],3,"['https://www.montana.edu/health', 'https://www.montana.edu/health/medical.html', 'https://www.montana.edu/health/medicalservices/travelclinic/index.html', 'https://www.montana.edu/health/medicalservices/travelclinic/zika.html']",1
The University of Montana,http://www.umt.edu/curry-health-center,10,"['https://www.umt.edu/curry-health-center/wellness/Condoms.php', 'https://www.umt.edu/curry-health-center/wellness/condoms-request-form/default.php', 'https://www.umt.edu/curry-health-center/wellness/Outreach-Peer_Education.php', 'http://www.umt.edu/curry-health-center//wellness/period-supplies-request-form/default.php', 'https://www.umt.edu/curry-health-center/wellness/default.php', 'http://www.umt.edu/curry-health-center/wellness/Health-Nut/HealthNutIssues-Accessible/2013_9-1--AccessibleVersion.php', 'http://www.umt.edu/curry-health-center/wellness/Health-Nut/HealthNutIssues-Accessible/2013_12-1--AccessibleVersion.php', 'http://www.umt.edu/curry-health-center/wellness/Health-Nut/HealthNutIssues-Accessible/2013_2-1--AccessibleVersion1.php', 'http://www.umt.edu/curry-health-center/wellness/Stress%20Busting%20Kits.php', 'http://www.umt.edu/curry-health-center/wellness/Health-Nut/HealthNutIssues-Accessible/2013_11-1--AccessibleVersion.php']",11851,80.58,5.51,116,74,42,0.147,0.54,0.17,"[-1, -1, -1, -1, -1, -1, -1, -1, -1, -1]",1,"['http://www.umt.edu/curry-health-center', 'http://www.umt.edu/curry-health-center/wellness/default.php']",1
The University of Montana Western,https://w.umwestern.edu/info/student-wellness,,,,,,,,,,,,,,,0
Chadron State College,https://www.csc.edu/healthserv,,,,,,,,,,,,,,,0
University of Nebraska at Kearney,https://www.unk.edu/offices/counseling_healthcare/health-care,,,,,,,,,,,,,,,0
University of Nebraska at Omaha,https://www.unomaha.edu/student-life/wellness/health-services,,,,,,,,,,,,,,,0
University of Nebraska Lincoln,https://health.unl.edu,8,"['https://health.unl.edu/gynecological-services', 'https://health.unl.edu/lgbt', 'https://health.unl.edu/iud', 'https://health.unl.edu/nexplanon', 'http://health.unl.edu/forms/Confidential%20Medical%20History%20Form%2008-16%20version%202%20copy.pdf', 'https://health.unl.edu/frequently-asked-questions']",13654,72.1,6.76,14,7,7,0.037,0.605,0.066,"['Sat, 15 Aug 2020 23:01:02 GMT', 'Sun, 16 Aug 2020 17:32:52 GMT', 'Mon, 17 Aug 2020 00:16:45 GMT', 'Mon, 17 Aug 2020 00:16:46 GMT', 'Wed, 04 Dec 2019 21:47:33 GMT', -1, 'Fri, 10 May 2019 20:38:49 GMT', 'Sun, 16 Aug 2020 17:32:54 GMT']",1,"['https://health.unl.edu', 'https://health.unl.edu/frequently-asked-questions']",1
Peru State College,https://www.peru.edu/healthcenter,,,,,,,,,,,,,,,0
Wayne State College,https://health.wayne.edu,10,"['https://health.wayne.edu/sp_faq/what-is-the-condom-club/', 'https://health.wayne.edu/sexual-health/', 'https://health.wayne.edu/sp_faq/can-redeem-full-condom-card-get-50-condoms/', 'https://health.wayne.edu/sp_faq/many-condom-club-cards-can-buy-per-semester/', 'http://health.wayne.edu/sp_faq/condoms-best-option-men-size-condom-matter/', 'https://health.wayne.edu/sp_faq/lost-condom-card/', 'http://health.wayne.edu/birth-control/', 'https://health.wayne.edu/faq/', 'http://health.wayne.edu/campus-health-center-information/', 'https://health.wayne.edu/the-zika-virus-and-your-spring-break/']",12758,82,5.17,127,80,47,0.147,0.533,0.193,"[-1, -1, -1, -1, -1, -1, -1, -1, -1, -1]",1,"['https://health.wayne.edu', 'https://health.wayne.edu/faq/']",1
University of Nevada Las Vegas,https://www.unlv.edu/studentwellness/health-center,,,,,,,,,,,,,,,0
University of Nevada Reno,https://med.unr.edu/student-health-center,2,"['https://med.unr.edu/student-health-center/medical-services/reproductive-and-sexual-health', 'https://med.unr.edu/student-health-center/education-and-promotion-program/health-education']",6038,58.87,9.04,8,5,3,0.038,0.507,0.192,"[-1, -1]",1,"['https://med.unr.edu/student-health-center', 'https://med.unr.edu/student-health-center/education-and-promotion-program/health-education']",1
University of New Hampshire Main Campus,https://www.unh.edu/health,10,"['https://www.unh.edu/health/wad', 'https://www.unh.edu/health/services/medical-services/sexual-well-being', 'https://www.unh.edu/health/sites/unh.edu.health-services/files/media/GardasilVaccineInfo.pdf', 'https://www.unh.edu/health/wellnessself-care/wellness-wheel/physical-wellness', 'https://www.unh.edu/health/services/living-well-services/outreach-education-programs', 'https://www.unh.edu/health/sites/default/files/media/2020-07/wellness-calendar-october-2019.pdf']",6028,71.05,7.02,29,16,13,0.1,0.461,0.286,"[-1, -1, -1, -1, -1, -1, -1, -1, 'Tue, 25 Feb 2020 21:47:33 GMT', 'Sun, 19 Jul 2020 03:11:02 GMT']",1,"['https://www.unh.edu/health', 'https://www.unh.edu/health/wellnessself-care/wellness-wheel/physical-wellness']",1
Keene State College,https://www.keene.edu/office/chw,1,['https://www.keene.edu/office/chw/services/'],388,78.87,4.86,2,1,1,0.028,0.628,0.123,[-1],1,"['https://www.keene.edu/office/chw', 'https://www.keene.edu/office/chw/services/']",1
University of New Hampshire at Manchester,https://www.unh.edu/health,10,"['https://www.unh.edu/health/wad', 'https://www.unh.edu/health/services/medical-services/sexual-well-being', 'https://www.unh.edu/health/sites/unh.edu.health-services/files/media/GardasilVaccineInfo.pdf', 'https://www.unh.edu/health/wellnessself-care/wellness-wheel/physical-wellness', 'https://www.unh.edu/health/services/living-well-services/outreach-education-programs', 'https://www.unh.edu/health/sites/default/files/media/2020-07/wellness-calendar-october-2019.pdf']",6028,71.05,7.02,29,16,13,0.1,0.461,0.286,"[-1, -1, -1, -1, -1, -1, -1, -1, 'Tue, 25 Feb 2020 21:47:33 GMT', 'Sun, 19 Jul 2020 03:11:02 GMT']",1,"['https://www.unh.edu/health', 'https://www.unh.edu/health/wellnessself-care/wellness-wheel/physical-wellness']",1
Plymouth State University,https://campus.plymouth.edu/health,2,['https://campus.plymouth.edu/health/self-care/yeast-infections/'],947,83.82,4.25,2,1,1,0.025,0.437,0.11,"[-1, 'Mon, 31 Jul 2017 17:47:33 GMT']",1,"['https://campus.plymouth.edu/health', 'https://campus.plymouth.edu/health/self-care/yeast-infections/']",1
Rowan University,https://sites.rowan.edu/wellness/health,1,['https://sites.rowan.edu/wellness/health/appointments/sexual-reproductive-health.html'],694,68.78,7.64,5,3,2,0.046,0.583,0.179,"['Wed, 12 Aug 2020 18:03:42 GMT']",1,"['https://sites.rowan.edu/wellness/health', 'https://sites.rowan.edu/wellness/health/appointments/sexual-reproductive-health.html']",1
New Jersey City University,https://www.njcu.edu/student-life/campus-services-resources/health-wellness-center,,,,,,,,,,,,,,,0
Kean University,https://www.kean.edu/offices/student-health-services,,,,,,,,,,,,,,,0
Montclair State University,https://www.montclair.edu/university-health-center,1,['https://www.montclair.edu/university-health-center/frequently-asked-questions/'],3227,78.29,5.91,24,16,8,0.108,0.573,0.126,[-1],1,"['https://www.montclair.edu/university-health-center', 'https://www.montclair.edu/university-health-center/frequently-asked-questions/']",1
New Jersey Institute of Technology,https://www.njit.edu/healthservices,1,['https://www.njit.edu/healthservices/health-information-topics'],793,84.96,3.72,2,1,1,0.028,0.527,0.294,"['Mon, 17 Aug 2020 00:25:25 GMT']",2,"['https://www.njit.edu/healthservices', 'https://www.njit.edu/healthservices/faqs-student-health-services', 'https://www.njit.edu/healthservices/health-information-topics']",1
Ramapo College of New Jersey,https://www.ramapo.edu/health,8,"['https://www.ramapo.edu/health/self-care/section-iii/sexual-health/', 'https://www.ramapo.edu/health/self-care/section-iii/birth/', 'https://www.ramapo.edu/health/self-care/section-i/stds-hiv/', 'https://www.ramapo.edu/health/womens-clinic/', 'https://www.ramapo.edu/health/files/2013/07/Emergency-Contraception-Web-Page-Info-011312.pdf', 'https://www.ramapo.edu/health/self-care/section-i/vaginal-problems/', 'https://www.ramapo.edu/health/self-care/section-ii/tests/']",11369,77.41,6.08,43,24,19,0.085,0.548,0.08,"[-1, -1, -1, -1, -1, 'Thu, 18 Jul 2013 16:44:56 GMT', -1, -1]",1,"['https://www.ramapo.edu/health', 'https://www.ramapo.edu/health/womens-clinic/']",1
Rutgers University Camden,https://wellnesscenter.camden.rutgers.edu,1,['https://wellnesscenter.camden.rutgers.edu/costs'],610,92.12,2.57,2,1,1,0.039,0.524,-0.21,[-1],1,"['https://wellnesscenter.camden.rutgers.edu', 'https://wellnesscenter.camden.rutgers.edu/costs']",1
Rutgers University New Brunswick,http://health.rutgers.edu,10,"['http://health.rutgers.edu/education/medical-information/birth-control/', 'http://health.rutgers.edu/education/medical-information/medicine-cabinet/', 'http://health.rutgers.edu/education/medical-information/trichomoniasis/', 'http://health.rutgers.edu/education/medical-information/syphilis/', 'http://health.rutgers.edu/education/medical-information/chlamydia/', 'http://health.rutgers.edu/education/medical-information/hepatitis/', 'http://health.rutgers.edu/education/medical-information/gonorrhea/', 'http://health.rutgers.edu/education/medical-information/hiv-aids/', 'http://health.rutgers.edu/education/medical-information/hpv/']",7050,64.76,7.61,21,12,9,0.052,0.436,0.143,"[-1, 'Tue, 20 Aug 2013 15:11:24 GMT', -1, -1, -1, -1, -1, -1, -1, -1]",2,"['http://health.rutgers.edu', 'http://health.rutgers.edu/education/medical-information/', 'http://health.rutgers.edu/education/medical-information/hepatitis/']",1
Rutgers University Newark,http://health.newark.rutgers.edu,6,"['http://health.newark.rutgers.edu/news/more-effective-contraception-than-pills-or-condoms', 'http://health.newark.rutgers.edu/news/prep-for-hiv-prevention', 'http://health.newark.rutgers.edu/our-services/medical-care/lgbt-health/lesbian-and-bisexual-women', 'https://health.newark.rutgers.edu/news/national-latinx-aids-awareness-day', 'http://health.newark.rutgers.edu/news', 'http://health.newark.rutgers.edu/frequently-asked-questions']",4533,67.75,7.55,11,6,5,0.043,0.572,0.247,-1,1,"['http://health.newark.rutgers.edu', 'http://health.newark.rutgers.edu/news']",1
Stockton University,https://stockton.edu/wellness-center/health-services,1,['https://stockton.edu/wellness-center/health-services/sharp.html'],300,69.72,5.98,2,1,1,0.023,0.574,0.119,[-1],1,"['https://stockton.edu/wellness-center/health-services', 'https://stockton.edu/wellness-center/health-services/sharp.html']",1
The College of New Jersey,https://health.tcnj.edu,,,,,,,,,,,,,,,0
William Paterson University of New Jersey,https://www.wpunj.edu/health-wellness,2,['https://www.wpunj.edu/health-wellness/resources/'],12069,58.21,8.48,2,1,1,0.024,0.482,0.192,"[-1, 'Thu, 10 Oct 2019 19:51:00 +0000']",1,"['https://www.wpunj.edu/health-wellness', 'https://www.wpunj.edu/health-wellness/resources']",1
Eastern New Mexico University Main Campus,https://www.enmu.edu/greyhound-life/health-services-counseling-services/health-services,,,,,,,,,,,,,,,0
New Mexico Highlands University,https://www.nmhu.edu/student-health-center,,,,,,,,,,,,,,,0
New Mexico Institute of Mining and Technology,https://www.nmt.edu/studenthealth,2,"['https://www.nmt.edu/studenthealth/faq.php', 'https://www.nmt.edu/studenthealth/']",1989,81.79,4.08,4,2,2,0.042,0.673,0.06,"[-1, -1]",0,['https://www.nmt.edu/studenthealth'],1
University of New Mexico Main Campus,http://shac.unm.edu,10,"['https://shac.unm.edu/wellness/health-promotion/condom-mint.html', 'https://shac.unm.edu/news/2019/05/condom-mint-celebration-2019.html', 'https://shac.unm.edu/news/2019/index.html', 'https://shac.unm.edu/news/2019/05/index.html', 'https://shac.unm.edu/shac-a-z.html', 'https://shac.unm.edu/wellness/health-promotion/index.html', 'https://shac.unm.edu/resources/shac-forms/outreach-request-form.html', 'https://shac.unm.edu/news/index.html', 'https://shac.unm.edu/about/staff/jessica-sanchez.html']",4507,18.51,19.15,57,45,12,0.105,0.612,0.11,"['Sun, 16 Aug 2020 04:47:46 GMT', 'Mon, 17 Aug 2020 00:18:14 GMT', 'Sun, 16 Aug 2020 04:47:55 GMT', 'Mon, 17 Aug 2020 00:18:28 GMT', 'Mon, 17 Aug 2020 00:18:16 GMT', 'Sun, 16 Aug 2020 04:46:27 GMT', 'Sun, 16 Aug 2020 04:47:43 GMT', 'Sun, 16 Aug 2020 04:47:27 GMT', 'Mon, 17 Aug 2020 00:17:50 GMT', 'Sun, 16 Aug 2020 04:45:35 GMT']",1,"['http://shac.unm.edu', 'http://shac.unm.edu/news/index.html']",1
New Mexico State University Main Campus,https://wellness.nmsu.edu,8,"['https://wellness.nmsu.edu/event/waves-wellness-week-sexual-wellness-wednesday-2/', 'https://wellness.nmsu.edu/event/healthy-relationships-fair/', 'https://wellness.nmsu.edu/event/waves-wellness-week-sexual-wellness-wednesday/', 'https://wellness.nmsu.edu/event/healthy-relationships-fair-2/', 'https://wellness.nmsu.edu/event/page/9/', 'https://wellness.nmsu.edu/event/page/11/']",3044,91.77,3.22,9,6,3,0.049,0.485,0.338,"[-1, -1, -1, -1, -1, -1, -1, -1]",2,"['https://wellness.nmsu.edu', 'https://wellness.nmsu.edu/patient-forms/', 'https://wellness.nmsu.edu/files/2017/10/Release-of-Information.docx']",1
Northern New Mexico College,https://nnmc.edu/home/student-gateway/campus-life/student-health,1,['https://nnmc.edu/home/student-gateway/campus-life/student-health/'],3629,76.46,5.56,2,1,1,0.025,0.533,0.133,[-1],0,['https://nnmc.edu/home/student-gateway/campus-life/student-health'],1
Western New Mexico University,https://health.wnmu.edu/?lang=en#gsc.tab=0,,,,,,,,,,,,,,,0
CUNY Bernard M Baruch College,https://studentaffairs.baruch.cuny.edu/health,2,"['https://studentaffairs.baruch.cuny.edu/health/topics/std/', 'https://studentaffairs.baruch.cuny.edu/health/topics/hiv/']",5650,83.36,5.15,100,77,23,0.124,0.525,0.178,"[-1, -1]",2,"['https://studentaffairs.baruch.cuny.edu/health', 'https://studentaffairs.baruch.cuny.edu/health/topics/', 'https://studentaffairs.baruch.cuny.edu/health/topics/std/']",1
CUNY Brooklyn College,http://www.brooklyn.cuny.edu/web/about/offices/studentaffairs/health-wellness/healthclinic.php?utm_source=Website&utm_medium=StudentAffairs&utm_campaign=HealthClinicRedirect,,,,,,,,,,,,,,,0
College of Staten Island CUNY,https://www.csi.cuny.edu/campus-life/student-services/health-and-wellness-services,,,,,,,,,,,,,,,0
CUNY City College,https://www.ccny.cuny.edu/shs,,,,,,,,,,,,,,,0
CUNY Graduate School and University Center,https://www.gc.cuny.edu/Prospective-Current-Students/Student-Life/Health-Wellness/Health-Services,2,"['https://www.gc.cuny.edu/Prospective-Current-Students/Student-Life/Health-Wellness/Health-Services/Health-Information-and-Education-Resources', 'https://www.gc.cuny.edu/Prospective-Current-Students/Student-Life/Health-Wellness/Health-Services/Health-and-Wellness-Topics']",7818,89.17,4.41,44,30,14,0.215,0.649,0.053,"[-1, -1]",1,"['https://www.gc.cuny.edu/Prospective-Current-Students/Student-Life/Health-Wellness/Health-Services', 'https://www.gc.cuny.edu/Prospective-Current-Students/Student-Life/Health-Wellness/Health-Services/Health-and-Wellness-Topics']",1
CUNY Hunter College,http://www.hunter.cuny.edu/cws/healthservices/welcome-to-health-services,,,,,,,,,,,,,,,0
CUNY John Jay College of Criminal Justice,https://www.jjay.cuny.edu/wellness-health-services,,,,,,,,,,,,,,,0
CUNY Lehman College,https://www.lehman.edu/student-health-center,2,['https://www.lehman.edu/student-health-center/women-health-services.php'],1027,88.59,3.37,14,7,7,0.139,0.607,0.009,-1,1,"['https://www.lehman.edu/student-health-center', 'https://www.lehman.edu/student-health-center/women-health-services.php']",1
CUNY Medgar Evers College,https://www.cuny.edu/current-students/student-affairs/student-services/health-services/campus-health-services,,,,,,,,,,,,,,,0
CUNY New York City College of Technology,http://www.citytech.cuny.edu/wellness-center,1,['http://www.citytech.cuny.edu/wellness-center/services.aspx'],523,67.61,6.8,2,1,1,0.023,0.702,0.107,[-1],1,"['http://www.citytech.cuny.edu/wellness-center', 'http://www.citytech.cuny.edu/wellness-center/services.aspx']",1
CUNY Queens College,https://www.qc.cuny.edu/studentlife/services/health/Pages,,,,,,,,,,,,,,,0
CUNY York College,https://www.york.cuny.edu/student-development/health,,,,,,,,,,,,,,,0
Fashion Institute of Technology,http://www.fitnyc.edu/health-services,3,"['http://www.fitnyc.edu/health-services/services/index.php', 'http://www.fitnyc.edu/health-services/health-education.php', 'http://www.fitnyc.edu/health-services/services/hiv-testing.php']",2328,78.66,5.1,4,3,1,0.037,0.508,0.235,"[-1, -1, -1]",1,"['http://www.fitnyc.edu/health-services', 'http://www.fitnyc.edu/health-services/services/index.php']",1
SUNY College of Technology at Alfred,https://www.alfredstate.edu/student-life/health-and-wellness-services,,,,,,,,,,,,,,,0
SUNY College of Technology at Canton,https://www.canton.edu/health_center,,,,,,,,,,,,,,,0
SUNY College of Technology at Delhi,https://www.delhi.edu/campus-life/health-counseling,,,,,,,,,,,,,,,0
SUNY College of Agriculture and Technology at Cobleskill,https://www.cobleskill.edu/campus-life/wellness-center,8,"['https://www.cobleskill.edu/campus-life/wellness-center/pleasure-package-faq.aspx', 'https://www.cobleskill.edu/campus-life/wellness-center/can-chronicle/March2018.pdf', 'https://www.cobleskill.edu/campus-life/wellness-center/can-chronicle/New%20April%202017%20Issue%201.pdf', 'https://www.cobleskill.edu/campus-life/wellness-center/can-chronicle/March%202016%20-%201.pdf']",738,91.73,2.6,6,3,3,0.061,0.686,0.144,"[-1, 'Thu, 21 Mar 2019 19:10:30 GMT', 'Wed, 06 Mar 2019 22:17:58 GMT', 'Wed, 06 Mar 2019 21:33:41 GMT', 'Wed, 06 Mar 2019 21:33:21 GMT', 'Wed, 06 Mar 2019 21:33:43 GMT', 'Wed, 06 Mar 2019 21:33:17 GMT', 'Mon, 23 Sep 2019 15:25:03 GMT']",2,"['https://www.cobleskill.edu/campus-life/wellness-center', 'https://www.cobleskill.edu/campus-life/wellness-center/pleasure-package.aspx', 'https://www.cobleskill.edu/campus-life/wellness-center/pleasure-package-faq.aspx']",1
Farmingdale State College,https://www.farmingdale.edu/health-wellness-center,,,,,,,,,,,,,,,0
Morrisville State College,https://www.morrisville.edu/life-on-campus/health-center,,,,,,,,,,,,,,,0
SUNY at Albany,https://www.albany.edu/health_center,1,['https://www.albany.edu/health_center/hepatitis.shtml'],1715,73.82,7.24,9,5,4,0.05,0.518,0.214,[-1],2,"['https://www.albany.edu/health_center', 'https://www.albany.edu/health_center/conditions.shtml', 'https://www.albany.edu/health_center/hepatitis.shtml']",1
Binghamton University,https://www.binghamton.edu/health,2,"['https://www.binghamton.edu/health/services/index.html', 'https://www.binghamton.edu/health/travel-planning.html']",1104,83.95,4.08,4,2,2,0.041,0.654,0.154,"[-1, -1]",1,"['https://www.binghamton.edu/health', 'mailto:?subject=Decker%20Student%20Health%20Services%20Center%20%7C%20Binghamton%20University&body=https://www.binghamton.edu/health/index.html']",1
University at Buffalo,https://www.buffalo.edu/studentlife/who-we-are/departments,1,['https://www.buffalo.edu/studentlife/who-we-are/departments/health.html'],1470,15.48,26.25,2,1,1,0.023,0.542,0.267,[-1],1,"['https://www.buffalo.edu/studentlife/who-we-are/departments', 'https://www.buffalo.edu/studentlife/who-we-are/departments/health.html']",1
Stony Brook University,https://www.stonybrook.edu/commcms/studentaffairs/shs,3,"['https://www.stonybrook.edu/commcms/studentaffairs/shs/about/shac.php', 'https://www.stonybrook.edu/commcms/studentaffairs/shs/services/pharmacy.php']",1461,71.37,5.86,4,3,1,0.048,0.487,0.25,"[-1, -1, 'Tue, 27 May 2008 16:10:30 GMT']",1,"['https://www.stonybrook.edu/commcms/studentaffairs/shs', 'https://www.stonybrook.edu/commcms/studentaffairs/shs/services/pharmacy.php']",1
SUNY College of Environmental Science and Forestry,https://www.esf.edu/health,,,,,,,,,,,,,,,0
SUNY Polytechnic Institute,https://sunypoly.edu/student-life/student-resources,3,"['https://sunypoly.edu/student-life/student-resources/wellness-center/health-promotion', 'https://sunypoly.edu/student-life/student-resources/wellness-center/medical-services', 'https://sunypoly.edu/student-life/student-resources/wellness-center/faqs']",3651,59.61,8.57,6,3,3,0.03,0.625,0.098,"[-1, -1, -1]",2,"['https://sunypoly.edu/student-life/student-resources', 'https://sunypoly.edu/student-life/student-resources/wellness-center/counseling-services', 'https://sunypoly.edu/student-life/student-resources/wellness-center/medical-services']",1
SUNY College at Brockport,https://www.brockport.edu/life/health_center,1,['https://www.brockport.edu/life/health_center/services'],981,87.71,3.9,2,1,1,0.026,0.552,0.061,[-1],1,"['https://www.brockport.edu/life/health_center', 'https://www.brockport.edu/life/health_center/services']",1
SUNY Buffalo State,https://weigel.buffalostate.edu,6,"['https://weigel.buffalostate.edu/events/condom-boot-camp-planned-parenthood', 'http://weigel.buffalostate.edu/sites/weigel.buffalostate.edu/files/uploads/The%20Promotional_Newsletter_Feb%202016.pdf', 'http://weigel.buffalostate.edu/sites/weigel.buffalostate.edu/files/uploads/The%20Promotional_Newsletter_Dec%202015.pdf', 'https://weigel.buffalostate.edu/events/all']",8924,83.31,4.37,7,6,1,0.091,0.532,0.166,"['Sun, 16 Aug 2020 23:54:32 GMT', -1, -1, -1, -1, 'Sun, 16 Aug 2020 23:27:35 GMT']",2,"['https://weigel.buffalostate.edu', 'https://weigel.buffalostate.edu/student-portal', 'https://weigel.buffalostate.edu/sites/weigel.buffalostate.edu/files/uploads/STUDENT%20PORTAL%20ORIENTATION%20FULL.pptx']",1
SUNY Cortland,https://www2.cortland.edu/offices/student-health-service,,,,,,,,,,,,,,,0
SUNY at Fredonia,https://www.fredonia.edu/student-life/health-center,7,"['https://www.fredonia.edu/student-life/health-center/2007april-std', 'https://www.fredonia.edu/student-life/health-center/2007december-aids', 'https://www.fredonia.edu/student-life/health-center/2010novembersexualhealth', 'https://www.fredonia.edu/student-life/health-center/2009decemberaids', 'https://www.fredonia.edu/student-life/health-center/2007november-infectiousdisease', 'https://www.fredonia.edu/student-life/health-center/2010decemberaids', 'https://www.fredonia.edu/student-life/health-center/2009octoberhealthandsafety']",15797,79.21,5.76,23,13,10,0.053,0.451,0.154,"['Mon, 17 Aug 2020 01:27:43 GMT', 'Mon, 17 Aug 2020 01:27:43 GMT', 'Mon, 17 Aug 2020 01:27:44 GMT', 'Mon, 17 Aug 2020 01:27:45 GMT', 'Mon, 17 Aug 2020 01:27:46 GMT', 'Mon, 17 Aug 2020 01:27:46 GMT', 'Mon, 17 Aug 2020 01:27:48 GMT']",-1,[],1
SUNY College at Geneseo,https://www.geneseo.edu/health,10,"['https://www.geneseo.edu/health/contraceptive_options', 'https://www.geneseo.edu/health/pre-exposure-prophyslaxis-prep', 'https://www.geneseo.edu/health/sexualhealth_college', 'https://www.geneseo.edu/health/hs_services', 'https://www.geneseo.edu/health/sti', 'https://www.geneseo.edu/health/healthy-geneseo', 'https://www.geneseo.edu/health/mens_health', 'https://www.geneseo.edu/health/other_sexual_health', 'https://www.geneseo.edu/health/first_gyno_exam', 'https://www.geneseo.edu/health/hot_topics']",21007,74.98,6.32,168,115,53,0.15,0.547,0.132,"['Sun, 16 Aug 2020 21:48:26 GMT', 'Sun, 16 Aug 2020 17:34:03 GMT', 'Sun, 16 Aug 2020 08:48:00 GMT', 'Sun, 16 Aug 2020 23:49:33 GMT', 'Sun, 16 Aug 2020 08:47:59 GMT', 'Sun, 16 Aug 2020 20:17:20 GMT', 'Mon, 17 Aug 2020 01:29:28 GMT', 'Mon, 17 Aug 2020 01:29:29 GMT', 'Sun, 16 Aug 2020 23:27:35 GMT', 'Mon, 17 Aug 2020 01:29:31 GMT']",1,"['https://www.geneseo.edu/health', 'https://www.geneseo.edu/health/mens_health']",1
State University of New York at New Paltz,https://www.newpaltz.edu/healthcenter,,,,,,,,,,,,,,,0
SUNY Oneonta,https://suny.oneonta.edu/health-wellness-center,1,['https://suny.oneonta.edu/health-wellness-center/services-and-fees/sti-testing'],1024,73.51,6.71,2,1,1,0.02,0.456,0.27,"['Mon, 17 Aug 2020 01:29:59 GMT']",2,"['https://suny.oneonta.edu/health-wellness-center', 'https://suny.oneonta.edu/health-wellness-center/services-and-fees', 'https://suny.oneonta.edu/health-wellness-center/services-and-fees/sti-testing']",1
SUNY College at Oswego,https://www.oswego.edu/walker-health-center,2,"['https://www.oswego.edu/walker-health-center/our-services-and-eligibility-information', 'https://www.oswego.edu/walker-health-center/gyt']",1815,74.77,5.83,4,2,2,0.027,0.588,0.2,"['Mon, 17 Aug 2020 01:31:24 GMT', 'Mon, 17 Aug 2020 01:31:25 GMT']",1,"['https://www.oswego.edu/walker-health-center', 'https://www.oswego.edu/walker-health-center/our-services-and-eligibility-information']",1
SUNY College at Potsdam,https://www.potsdam.edu/studentlife/wellness/healthservices,1,['https://www.potsdam.edu/studentlife/wellness/healthservices/services/pharmacy-fee'],409,76.07,5.97,2,1,1,0.033,0.341,0.156,"['Sun, 16 Aug 2020 06:16:42 GMT']",2,"['https://www.potsdam.edu/studentlife/wellness/healthservices', 'https://www.potsdam.edu/studentlife/wellness/healthservices/services', 'https://www.potsdam.edu/studentlife/wellness/healthservices/services/pharmacy-fee']",1
SUNY at Purchase College,https://www.purchase.edu/offices/health-services,,,,,,,,,,,,,,,0
SUNY College at Old Westbury,https://www.oldwestbury.edu/life/student-health,,,,,,,,,,,,,,,0
SUNY College at Plattsburgh,https://www.plattsburgh.edu/plattslife/health-safety/health-counseling-center,,,,,,,,,,,,,,,0
SUNY Empire State College,https://www.esc.edu/student-affairs/student-life/health-wellness,,,,,,,,,,,,,,,0
SUNY Maritime College,https://www.sunymaritime.edu/student-life/health-services,,,,,,,,,,,,,,,0
Appalachian State University,https://healthservices.appstate.edu,10,"['https://healthservices.appstate.edu/pagesmith/165', 'https://healthservices.appstate.edu/pagesmith/170', 'https://healthservices.appstate.edu/pagesmith/167', 'https://healthservices.appstate.edu/health-service-fees', 'https://healthservices.appstate.edu/pagesmith/166', 'https://healthservices.appstate.edu/files/filecabinet/folder19/Traveler_Information___Sexually_Transmitted_Infections.pdf', 'https://healthservices.appstate.edu/safer-sex', 'https://healthservices.appstate.edu/pagesmith/168']",6998,76.14,6.1,259,165,94,0.213,0.504,0.206,"[-1, -1, -1, 'Fri, 05 Jun 2015 20:16:10 GMT', -1, -1, -1, 'Thu, 04 Jun 2015 19:43:47 GMT', -1, -1]",2,"['https://healthservices.appstate.edu', 'https://healthservices.appstate.edu/pagesmith/229', 'https://healthservices.appstate.edu/pagesmith/167']",1
East Carolina University,https://studenthealth.ecu.edu,5,"['https://studenthealth.ecu.edu/reproductive/', 'https://studenthealth.ecu.edu/wp-content/pv-uploads/sites/163/2018/06/sorethroat.pdf', 'https://studenthealth.ecu.edu/wp-content/pv-uploads/sites/163/2018/06/STI.pdf']",2119,72.05,7.35,3,2,1,0.04,0.465,0.356,-1,-1,[],1
Elizabeth City State University,http://www.ecsu.edu/current-students/student-affairs/health-services,,,,,,,,,,,,,,,0
Fayetteville State University,https://www.uncfsu.edu/faculty-and-staff/divisions-departments-and-offices/division-of-student-affairs/student-health-services,,,,,,,,,,,,,,,0
North Carolina A & T State University,https://www.ncat.edu/campus-life/student-affairs/departments/health-services,,,,,,,,,,,,,,,0
University of North Carolina at Asheville,https://healthandcounseling.unca.edu,1,['https://healthandcounseling.unca.edu/health-services/sexually-transmitted-infection-screening/'],595,38.48,15.19,8,6,2,0.056,0.585,0.072,[-1],1,"['https://healthandcounseling.unca.edu', 'https://healthandcounseling.unca.edu/health-services/sexually-transmitted-infection-screening/']",1
University of North Carolina at Chapel Hill,https://campushealth.unc.edu,10,"['https://campushealth.unc.edu/health-topics/sexual-health/condoms', 'https://campushealth.unc.edu/sites/campushealth.unc.edu/files/INTERIM%20HEALTH%20HISTORY%2008%2012%2016.pdf', 'https://campushealth.unc.edu/health-topics/sexual-health/contraception', 'https://campushealth.unc.edu/health-topics/sexual-health', 'https://campushealth.unc.edu/oral-contraceptive-pill-patient-education-video', 'https://campushealth.unc.edu/health-topics', 'https://campushealth.unc.edu/health-topics/sexual-health/contraception/emergency-contraception', 'https://campushealth.unc.edu/health-topics/sexual-health/contraception/emergency-contraception/options-emergency-contraception', 'https://campushealth.unc.edu/health-topics/sexual-health/sexually-transmitted-infections-and-diseases']",12876,77.85,5.53,76,57,19,0.113,0.606,0.129,"['Mon, 17 Aug 2020 01:41:47 GMT', 'Fri, 26 Jun 2020 20:25:25 GMT', 'Fri, 23 Feb 2018 21:48:47 GMT', 'Mon, 17 Aug 2020 01:41:49 GMT', 'Mon, 17 Aug 2020 01:41:51 GMT', 'Mon, 17 Aug 2020 01:41:53 GMT', 'Mon, 17 Aug 2020 01:41:55 GMT', 'Mon, 17 Aug 2020 01:41:57 GMT', 'Mon, 17 Aug 2020 01:41:59 GMT', 'Mon, 17 Aug 2020 01:42:01 GMT']",1,"['https://campushealth.unc.edu', 'https://campushealth.unc.edu/health-topics/sexual-health/contraception']",1
University of North Carolina at Charlotte,https://studenthealth.uncc.edu,,,,,,,,,,,,,,,0
University of North Carolina at Greensboro,https://shs.uncg.edu,10,"['https://shs.uncg.edu/contraception-birth-control-methods', 'https://shs.uncg.edu/human-papillomavirus-hpv', 'https://shs.uncg.edu/old-pagepharmacy/otc/gyn', 'https://shs.uncg.edu/pelvic-inflammatory-disease-pid', 'https://shs.uncg.edu/old-pagepharmacy/otc/complete', 'https://shs.uncg.edu/bacterial-vaginosis-bv', 'https://shs.uncg.edu/trichomoniasis-trich', 'https://shs.uncg.edu/women-3/std', 'https://shs.uncg.edu/stds-sexually-transmitted-diseaseinfection', 'https://shs.uncg.edu/taking-oral-contraceptive-pills-ocps']",5933,73.27,6.46,34,19,15,0.06,0.591,0.122,"[-1, -1, -1, -1, -1, -1, -1, -1, -1, -1]",2,"['https://shs.uncg.edu', 'https://shs.uncg.edu/spartan-health-topics-a-z', 'https://shs.uncg.edu/bacterial-vaginosis-bv']",1
North Carolina Central University,https://www.nccu.edu/life-nc-central/health-and-well-being/student-health-center,,,,,,,,,,,,,,,0
North Carolina State University at Raleigh,https://healthypack.dasa.ncsu.edu,8,"['https://healthypack.dasa.ncsu.edu/care-provided/womens-health/contraception/', 'https://healthypack.dasa.ncsu.edu/how-to-stay-safe-over-spring-break-so-that-you-have-fun/', 'https://healthypack.dasa.ncsu.edu/care-provided/hivsti-testing/', 'https://healthypack.dasa.ncsu.edu/health-resources/hivsti-testing-prevention/', 'https://healthypack.dasa.ncsu.edu/care-provided/pharmacy/', 'https://healthypack.dasa.ncsu.edu/care-provided/womens-health/', 'https://healthypack.dasa.ncsu.edu/wp-content/uploads/sites/15/2019/07/Pharmacy-Formulary-7-19.pdf']",6475,70.84,7.22,54,38,16,0.119,0.534,0.222,"[-1, -1, -1, -1, -1, -1, 'Mon, 22 Jul 2019 19:00:06 GMT', 'Mon, 22 Jul 2019 15:31:00 GMT']",1,"['https://healthypack.dasa.ncsu.edu', 'https://healthypack.dasa.ncsu.edu/care-provided/hivsti-testing/']",1
University of North Carolina Wilmington,https://uncw.edu/healthservices,8,"['https://uncw.edu/healthservices/condomline-up.html', 'https://uncw.edu/healthservices/promotion_programs.html', 'https://uncw.edu/healthservices/condombingo.html', 'http://uncw.edu/healthservices/documents/InstructionSheet-GenitalWarts512.pdf']",777,96.53,1.84,7,6,1,0.098,0.508,0.241,"[-1, -1, -1, -1, -1, -1, -1, -1]",2,"['https://uncw.edu/healthservices', 'https://uncw.edu/healthservices/promotion.html', 'https://uncw.edu/healthservices/promotion_programs.html']",1
University of North Carolina at Pembroke,https://www.uncp.edu/campus-life/student-health-services,2,"['https://www.uncp.edu/campus-life/student-health-services/general-health/sexual-health/stds-and-stis', 'https://www.uncp.edu/campus-life/student-health-services/general-health/sexual-health/birth-control']",2007,81.9,4.64,41,28,13,0.177,0.542,0.114,"['Mon, 17 Aug 2020 02:01:10 GMT', 'Mon, 17 Aug 2020 02:01:11 GMT']",3,"['https://www.uncp.edu/campus-life/student-health-services', 'https://www.uncp.edu/campus-life/student-health-services/general-health/telehealth', 'https://www.uncp.edu/campus-life/student-health-services/general-health/sexual-health', 'https://www.uncp.edu/campus-life/student-health-services/general-health/sexual-health/stds-and-stis']",1
Winston Salem State University,https://www.wssu.edu/student-life/university-wellness-center,1,['https://www.wssu.edu/student-life/university-wellness-center/healthy-rams-for-life.html'],576,76.42,5.02,1,1,0,0.023,0.722,-0.017,[-1],1,"['https://www.wssu.edu/student-life/university-wellness-center', 'https://www.wssu.edu/student-life/university-wellness-center/healthy-rams-for-life.html']",1
Western Carolina University,https://www.wcu.edu/experience/health-and-wellness/health-services,,,,,,,,,,,,,,,0
Dickinson State University,https://www.dickinsonstate.edu/student-services/student-resource-and-opportunity-soar-center/health-wellness-and-safety,,,,,,,,,,,,,,,0
Mayville State University,https://mayvillestate.edu/student-resources/health-services,1,['https://mayvillestate.edu/student-resources/health-services/services/'],358,9.95,15.18,2,1,1,0.033,0.73,0.01,[-1],1,"['https://mayvillestate.edu/student-resources/health-services', 'https://mayvillestate.edu/student-resources/health-services/services/']",1
Minot State University,https://www.minotstateu.edu/health,,,,,,,,,,,,,,,0
University of North Dakota,https://und.edu/student-life/student-health,,,,,,,,,,,,,,,0
North Dakota State University Main Campus,https://www.ndsu.edu/studenthealthservice,2,"['https://www.ndsu.edu/studenthealthservice/healthpromotion/sexual_health/junk_mail/', 'https://www.ndsu.edu/studenthealthservice/healthpromotion/sexually_transmitted_diseases_stds/']",1191,83.65,5.44,6,4,2,0.065,0.418,0.297,"[-1, -1]",2,"['https://www.ndsu.edu/studenthealthservice', 'https://www.ndsu.edu/studenthealthservice/healthpromotion/', 'https://www.ndsu.edu/studenthealthservice/healthpromotion/sexual_health/junk_mail/']",1
Valley City State University,https://www.vcsu.edu/student-life/counseling-health-services,,,,,,,,,,,,,,,0
University of Akron Main Campus,https://www.uakron.edu/healthservices,,,,,,,,,,,,,,,0
Central State University,https://www.centralstate.edu/current/health/old,2,"['https://www.centralstate.edu/current/health/old/insurance.html', 'https://www.centralstate.edu/current/health/old/index.html']",1782,67.22,8.02,4,2,2,0.038,0.533,0.097,"[-1, -1]",1,"['https://www.centralstate.edu/current/health/old', 'https://www.centralstate.edu/current/health/old/index.html']",1
University of Cincinnati Main Campus,https://med2.uc.edu/uhs,,,,,,,,,,,,,,,0
Cleveland State University,https://www.csuohio.edu/health/health,,,,,,,,,,,,,,,0
Kent State University at Salem,https://www.kent.edu/UHS/student-health,,,,,,,,,,,,,,,0
Kent State University at Kent,https://www.kent.edu/UHS/student-health,,,,,,,,,,,,,,,0
Miami University Oxford,https://miamioh.edu/student-life/student-health-service,,,,,,,,,,,,,,,0
Ohio State University Lima Campus,https://shs.osu.edu,10,"['https://shs.osu.edu/services/pharmacy/condom-club', 'https://shs.osu.edu/services/gynecologic-services/contraceptives', 'https://shs.osu.edu/services/resources', 'https://shs.osu.edu/services/pharmacy/opioid-addiction-recovery-smart/', 'https://shs.osu.edu/services/pharmacy/prescriptions', 'https://shs.osu.edu/services/pharmacy/', 'https://shs.osu.edu/appointments/schedule-or-cancel-an-appointment', 'https://shs.osu.edu/covid-19', 'https://shs.osu.edu/covid-19/covid-19-testing', 'https://shs.osu.edu/covid-19/health-reporting-process']",5267,72.11,5.92,15,13,2,0.073,0.661,0.105,"[-1, -1, -1, -1, -1, -1, -1, -1, -1, -1]",1,"['https://shs.osu.edu', 'https://shs.osu.edu/services/resources']",1
Ohio State University Mansfield Campus,https://shs.osu.edu,10,"['https://shs.osu.edu/services/pharmacy/condom-club', 'https://shs.osu.edu/services/gynecologic-services/contraceptives', 'https://shs.osu.edu/services/resources', 'https://shs.osu.edu/services/pharmacy/opioid-addiction-recovery-smart/', 'https://shs.osu.edu/services/pharmacy/prescriptions', 'https://shs.osu.edu/services/pharmacy/', 'https://shs.osu.edu/appointments/schedule-or-cancel-an-appointment', 'https://shs.osu.edu/covid-19', 'https://shs.osu.edu/covid-19/covid-19-testing', 'https://shs.osu.edu/covid-19/health-reporting-process']",5267,72.11,5.92,15,13,2,0.073,0.661,0.105,"[-1, -1, -1, -1, -1, -1, -1, -1, -1, -1]",1,"['https://shs.osu.edu', 'https://shs.osu.edu/services/resources']",1
Ohio State University Main Campus,https://shs.osu.edu,10,"['https://shs.osu.edu/services/pharmacy/condom-club', 'https://shs.osu.edu/services/gynecologic-services/contraceptives', 'https://shs.osu.edu/services/resources', 'https://shs.osu.edu/services/pharmacy/opioid-addiction-recovery-smart/', 'https://shs.osu.edu/services/pharmacy/prescriptions', 'https://shs.osu.edu/services/pharmacy/', 'https://shs.osu.edu/appointments/schedule-or-cancel-an-appointment', 'https://shs.osu.edu/covid-19', 'https://shs.osu.edu/covid-19/covid-19-testing', 'https://shs.osu.edu/covid-19/health-reporting-process']",5267,72.11,5.92,15,13,2,0.073,0.661,0.105,"[-1, -1, -1, -1, -1, -1, -1, -1, -1, -1]",1,"['https://shs.osu.edu', 'https://shs.osu.edu/services/resources']",1
Ohio University Main Campus,https://www.ohio.edu/student-insurance,,,,,,,,,,,,,,,0
Shawnee State University,https://www.shawnee.edu/campus-life/student-health-counseling,2,"['https://www.shawnee.edu/campus-life/student-health-counseling/campus-counseling-services/wellness-tips-time-management', 'https://www.shawnee.edu/campus-life/student-health-counseling/campus-counseling-services/substance-abuse-services-online']",8216,82.73,4.28,2,1,1,0.019,0.554,-0.068,"['Fri, 14 Aug 2020 22:13:25 GMT', 'Fri, 14 Aug 2020 22:13:30 GMT']",1,"['https://www.shawnee.edu/campus-life/student-health-counseling', 'https://www.shawnee.edu/campus-life/student-health-counseling/campus-counseling-services/substance-abuse-services-online']",1
University of Toledo,https://www.utoledo.edu/healthservices/hsc,,,,,,,,,,,,,,,0
Wright State University Main Campus,https://www.wright.edu/student-health-services,,,,,,,,,,,,,,,0
Wright State University Lake Campus,https://www.wright.edu/student-health-services,,,,,,,,,,,,,,,0
Youngstown State University,https://ysu.edu/wick-primary-care-ysu,,,,,,,,,,,,,,,0
Cameron University,https://www.cameron.edu/wellnesscenter,,,,,,,,,,,,,,,0
University of Central Oklahoma,https://www.uco.edu/offices/wellness/services,,,,,,,,,,,,,,,0
East Central University,https://www.ecok.edu/current-students/student-services/student-health-services,1,['https://www.ecok.edu/current-students/student-services/student-health-services/spring-break-safety-tips'],1021,75.55,6.6,3,2,1,0.057,0.573,0.174,[-1],1,"['https://www.ecok.edu/current-students/student-services/student-health-services', 'https://www.ecok.edu/current-students/student-services/student-health-services/spring-break-safety-tips']",1
Langston University,https://www.langston.edu/healthclinic,,,,,,,,,,,,,,,0
Northeastern State University,https://offices.nsuok.edu/studentaffairs/Student-Services/Student-Health-Services,,,,,,,,,,,,,,,0
Northwestern Oklahoma State University,https://www.nwosu.edu/student-services,,,,,,,,,,,,,,,0
Oklahoma State University Main Campus,https://uhs.okstate.edu,,,,,,,,,,,,,,,0
University of Oklahoma Norman Campus,https://www.ou.edu/healthservices,,,,,,,,,,,,,,,0
Oklahoma State University Institute of Technology,https://osuit.edu/student-union/health,,,,,,,,,,,,,,,0
Rogers State University,https://www.rsu.edu/campus-life/health-wellness,,,,,,,,,,,,,,,0
University of Science and Arts of Oklahoma,https://usao.edu/student-life/student-services/health-services,,,,,,,,,,,,,,,0
Southeastern Oklahoma State University,https://www.se.edu/student-wellness/student-health-services,,,,,,,,,,,,,,,0
Southwestern Oklahoma State University,https://www.swosu.edu/about/conference-centers-facilities,,,,,,,,,,,,,,,0
Eastern Oregon University,https://www.eou.edu/health,,,,,,,,,,,,,,,0
Oregon Institute of Technology,https://www.oit.edu/campus-life/student-health,1,['https://www.oit.edu/campus-life/student-health/medical-clinic'],1228,57.7,9.88,2,1,1,0.023,0.493,0.289,[-1],1,"['https://www.oit.edu/campus-life/student-health', 'https://www.oit.edu/campus-life/student-health/medical-clinic']",1
Oregon State University,https://studenthealth.oregonstate.edu,10,"['https://studenthealth.oregonstate.edu/ccare2017', 'https://studenthealth.oregonstate.edu/health-promotion/sexual-health/sexy-communication/sexy-role-play', 'https://studenthealth.oregonstate.edu/did-you-know/dyk-condom-express-2014-2015', 'https://studenthealth.oregonstate.edu/node/665/results', 'https://studenthealth.oregonstate.edu/book/export/html/221', 'https://studenthealth.oregonstate.edu/main/video/condom-hot-spot', 'https://studenthealth.oregonstate.edu/book/export/html/277', 'https://studenthealth.oregonstate.edu/wellness/sexual-health']",6002,83.37,4.39,159,102,57,0.216,0.555,0.15,"['Mon, 17 Aug 2020 02:06:55 GMT', 'Mon, 25 Aug 2014 17:48:10 GMT', 'Mon, 17 Aug 2020 02:06:56 GMT', 'Mon, 17 Aug 2020 02:06:56 GMT', 'Mon, 17 Aug 2020 02:06:57 GMT', 'Thu, 01 Jan 1970 00:00:00 GMT', 'Mon, 17 Aug 2020 02:06:58 GMT', 'Mon, 17 Aug 2020 02:06:58 GMT', 'Mon, 17 Aug 2020 02:06:59 GMT', 'Mon, 17 Aug 2020 02:06:59 GMT']",1,"['https://studenthealth.oregonstate.edu', 'https://studenthealth.oregonstate.edu/wellness/sexual-health']",1
University of Oregon,https://health.uoregon.edu,7,"['https://health.uoregon.edu/sexualhealth', 'https://health.uoregon.edu/supplies', 'https://health.uoregon.edu/free-safer-sex-supplies-available', 'https://health.uoregon.edu/files/HIV.pdf', 'https://health.uoregon.edu/faqs']",11691,67.77,7.49,31,17,14,0.077,0.592,0.185,"['Mon, 17 Aug 2020 02:12:33 GMT', 'Mon, 17 Aug 2020 02:12:33 GMT', 'Mon, 17 Aug 2020 02:12:34 GMT', 'Wed, 05 Jul 2017 20:19:04 GMT', 'Tue, 27 Jun 2017 22:34:04 GMT', 'Tue, 27 Jun 2017 22:34:04 GMT', 'Mon, 17 Aug 2020 00:42:45 GMT']",1,"['https://health.uoregon.edu', 'https://health.uoregon.edu/sexual-health']",1
Portland State University,https://www.pdx.edu/health-counseling,1,['https://www.pdx.edu/health-counseling/health'],1230,64.86,7.69,2,1,1,0.025,0.479,0.34,"['Sun, 16 Aug 2020 17:22:52 GMT']",1,"['https://www.pdx.edu/health-counseling', 'https://www.pdx.edu/health-counseling/health']",1
Southern Oregon University,https://inside.sou.edu/health,1,['https://inside.sou.edu/health/services.html'],2733,61.64,8.83,4,2,2,0.037,0.549,0.273,"['Mon, 17 Aug 2020 02:21:46 GMT']",1,"['https://inside.sou.edu/health', 'https://inside.sou.edu/health/services.html']",1
Western Oregon University,https://wou.edu/health,3,"['https://wou.edu/health/resources/student-health-101/physicalwellness/sexual-health/', 'https://wou.edu/health/departments/medical-services/sexual-assault-education-and-resources/resources/']",1342,78.42,5.56,58,39,19,0.191,0.476,0.236,"[-1, -1, 'Wed, 06 Nov 2019 00:08:04 GMT']",3,"['https://wou.edu/health', 'https://wou.edu/health/resources/student-health-101/', 'https://wou.edu/health/resources/student-health-101/physicalwellness/', 'https://wou.edu/health/resources/student-health-101/physicalwellness/sexual-health/']",1
Bloomsburg University of Pennsylvania,https://intranet.bloomu.edu/health,2,"['https://intranet.bloomu.edu/health/self_care', 'https://intranet.bloomu.edu/health/sexual_health']",627,90.04,2.99,4,2,2,0.035,0.689,0.083,"['Mon, 17 Aug 2020 02:26:22 GMT', 'Mon, 17 Aug 2020 02:26:22 GMT']",1,"['https://intranet.bloomu.edu/health', 'https://intranet.bloomu.edu/health/self_care']",1
California University of Pennsylvania,https://www.calu.edu/student-life,,,,,,,,,,,,,,,0
Cheyney University of Pennsylvania,https://cheyney.edu/campus-experience/holistic-student-support/health-and-wellness,,,,,,,,,,,,,,,0
Clarion University of Pennsylvania,https://www.clarion.edu/student-life/health-fitness-and-wellness/health-care-services,,,,,,,,,,,,,,,0
East Stroudsburg University of Pennsylvania,https://www.esu.edu/health-and-wellness,1,['https://www.esu.edu/health-and-wellness/fostering-warriors/index.cfm'],1007,70.64,6.36,2,1,1,0.019,0.683,0.18,[-1],1,"['https://www.esu.edu/health-and-wellness', 'https://www.esu.edu/health-and-wellness/fostering-warriors/index.cfm']",1
Edinboro University of Pennsylvania,https://www.edinboro.edu/directory/offices-services/ghering/student-health-services,1,['https://www.edinboro.edu/directory/offices-services/ghering/student-health-services/services.html'],1312,84.83,4.49,2,1,1,0.023,0.667,0.04,[-1],1,"['https://www.edinboro.edu/directory/offices-services/ghering/student-health-services', 'https://www.edinboro.edu/directory/offices-services/ghering/student-health-services/services.html']",1
Indiana University of Pennsylvania Main Campus,https://www.iup.edu/healthservice,2,"['https://www.iup.edu/healthservice/services/self-care-service/', 'https://www.iup.edu/healthservice/services/faq/']",1799,73.64,6.04,6,3,3,0.032,0.627,0.177,"[-1, -1]",1,"['https://www.iup.edu/healthservice', 'https://www.iup.edu/healthservice/services/faq/']",1
Kutztown University of Pennsylvania,https://www.kutztown.edu/about-ku/our-campus/maps,,,,,,,,,,,,,,,0
Lincoln University,https://bluetigerportal.lincolnu.edu/web/thompkins-health-center,,,,,,,,,,,,,,,0
Lock Haven University,https://www.lockhaven.edu/healthservices,,,,,,,,,,,,,,,0
Mansfield University of Pennsylvania,https://www.mansfield.edu/residence-life,,,,,,,,,,,,,,,0
Millersville University of Pennsylvania,https://www.millersville.edu/healthservices,7,"['https://www.millersville.edu/healthservices/services/medication-and-equipment.php', 'https://www.millersville.edu/healthservices/services/sexual-concerns.php', 'https://www.millersville.edu/healthservices/files/birth-control-options.pdf', 'https://www.millersville.edu/healthservices/files/bacterial-vaginosis.pdf']",1114,57.36,9.45,3,2,1,0.032,0.608,0.168,"[-1, -1, -1, -1, -1, -1, -1]",1,"['https://www.millersville.edu/healthservices', 'https://www.millersville.edu/healthservices/services/medication-and-equipment.php']",1
Pennsylvania State University Penn State Erie Behrend College,https://behrend.psu.edu/student-life/student-services/health,10,"['https://behrend.psu.edu/student-life/student-services/health/services/contraceptive-services/condoms-and-spermicides', 'https://behrend.psu.edu/student-life/student-services/health/services/contraceptive-services/combined-hormonal-contraceptive-chc', 'https://behrend.psu.edu/student-life/student-services/health/health-services/contraceptive-and-pregnancy-services', 'https://behrend.psu.edu/student-life/student-services/health/services/contraceptive-services/mini-pill', 'https://behrend.psu.edu/student-life/student-services/health/health-services/sexually-transmitted-diseases/gonorrhea', 'https://behrend.psu.edu/student-life/student-services/health/health-services/sexually-transmitted-diseases/chlamydia', 'https://behrend.psu.edu/student-life/student-services/health/services/contraceptive-services/depo-provera', 'https://behrend.psu.edu/student-life/student-services/health/health-services/sexually-transmitted-diseases/syphilis', 'https://behrend.psu.edu/student-life/student-services/health/services/contraceptive-services/birth-control-pill', 'https://behrend.psu.edu/student-life/student-services/health/health-services/mens-health-faq']",10890,71.86,7,132,97,35,0.135,0.582,0.105,"['Fri, 14 Aug 2020 08:50:36 GMT', 'Fri, 14 Aug 2020 12:15:32 GMT', 'Fri, 14 Aug 2020 22:56:18 GMT', 'Fri, 14 Aug 2020 19:50:30 GMT', 'Fri, 14 Aug 2020 22:56:23 GMT', 'Fri, 14 Aug 2020 09:03:44 GMT', 'Fri, 14 Aug 2020 08:27:07 GMT', 'Sun, 16 Aug 2020 17:51:05 GMT', 'Fri, 14 Aug 2020 22:56:17 GMT', 'Sun, 16 Aug 2020 17:51:07 GMT']",2,"['https://behrend.psu.edu/student-life/student-services/health', 'https://behrend.psu.edu/student-life/student-services/health/health-services/mens-health', 'https://behrend.psu.edu/student-life/student-services/health/health-services/mens-health-faq']",1
Pennsylvania State University Penn State New Kensington,https://newkensington.psu.edu/news?page=10&type=all,,,,,,,,,,,,,,,0
Pennsylvania State University Penn State Wilkes Barre,https://wilkesbarre.psu.edu,,,,,,,,,,,,,,,0
Pennsylvania State University Penn State Worthington Scranton,https://scranton.psu.edu/health-counseling-services,,,,,,,,,,,,,,,0
Pennsylvania State University Penn State Lehigh Valley,https://lehighvalley.psu.edu/student-life/health-counseling-services,,,,,,,,,,,,,,,0
Pennsylvania State University Penn State Altoona,https://altoona.psu.edu/offices-divisions/student-affairs/health-wellness,,,,,,,,,,,,,,,0
Pennsylvania State University Penn State Beaver,https://beaver.psu.edu/student-life/health-services,,,,,,,,,,,,,,,0
Pennsylvania State University Penn State Berks,https://berks.psu.edu/news?type=image&page=131,,,,,,,,,,,,,,,0
Pennsylvania State University Penn State Harrisburg,https://harrisburg.psu.edu/student-health-services,,,,,,,,,,,,,,,0
Pennsylvania State University Penn State Brandywine,https://www.brandywine.psu.edu/student-life/health-services,,,,,,,,,,,,,,,0
Pennsylvania State University Penn State DuBois,https://dubois.psu.edu/news?sort=newest&type=image&page=104,,,,,,,,,,,,,,,0
Pennsylvania State University Penn State Fayette  Eberly,https://fayette.psu.edu/campus-life/health-and-wellness-services,,,,,,,,,,,,,,,0
Pennsylvania State University Penn State Hazleton,https://hazleton.psu.edu/news?page=9&sort=newest&type=all,,,,,,,,,,,,,,,0
Pennsylvania State University Main Campus,https://studentaffairs.psu.edu/health,10,"['https://studentaffairs.psu.edu/health-wellness/medical-services/services/medical-exams/sexual-health/free-condoms', 'https://studentaffairs.psu.edu/health-wellness/healthy-living/sexual-health', 'https://studentaffairs.psu.edu/health-wellness/medical-services/health-information-resources/mini-pill', 'https://studentaffairs.psu.edu/health-wellness/medical-services/health-services-commonwealth-campuses', 'https://studentaffairs.psu.edu/health-wellness/medical-services/health-information-resources/depo-provera', 'https://studentaffairs.psu.edu/health-wellness/healthy-living/free-student-wellness-services', 'https://studentaffairs.psu.edu/health-wellness/medical-services/services/medical-services/lgbtq-health', 'https://studentaffairs.psu.edu/health-wellness/medical-services/pharmacy/hours-parking', 'https://studentaffairs.psu.edu/health-wellness/medical-services/health-information-resources/epididymitis', 'https://studentaffairs.psu.edu/health-wellness/healthy-living']",8153,71.3,6.59,53,31,22,0.103,0.529,0.181,-1,1,"['https://studentaffairs.psu.edu/health', 'https://studentaffairs.psu.edu/health-wellness/medical-services/health-services-commonwealth-campuses']",1
Pennsylvania State University Penn State Greater Allegheny,https://greaterallegheny.psu.edu/student-services/health-services,,,,,,,,,,,,,,,0
Pennsylvania State University Penn State Mont Alto,https://montalto.psu.edu/health,,,,,,,,,,,,,,,0
Pennsylvania State University Penn State Abington,https://www.abington.psu.edu/health-wellness,,,,,,,,,,,,,,,0
Pennsylvania State University Penn State Schuylkill,https://schuylkill.psu.edu/campus-life/health-services,1,['https://schuylkill.psu.edu/campus-life/health-services/services-0'],577,51.48,9.56,2,1,1,0.02,0.528,0.074,"['Sat, 15 Aug 2020 01:48:42 GMT']",1,"['https://schuylkill.psu.edu/campus-life/health-services', 'https://schuylkill.psu.edu/campus-life/health-services/services-0']",1
Pennsylvania State University Penn State York,https://york.psu.edu,2,['http://www2.york.psu.edu/~mph13/Syphilis.ppt'],34170,-106.58,80.46,6,3,3,0.037,0.575,0.108,"['Wed, 10 Sep 2014 13:11:32 GMT', 'Mon, 07 Jan 2019 19:20:24 GMT']",0,['https://york.psu.edu'],1
University of Pittsburgh Bradford,https://www.upb.pitt.edu/life-at-pitt-bradford/health-and-wellness/health-services,1,['https://www.upb.pitt.edu/life-at-pitt-bradford/health-and-wellness/health-services/self-care-center'],222,69.46,6.37,2,1,1,0.031,0.625,0.119,[-1],1,"['https://www.upb.pitt.edu/life-at-pitt-bradford/health-and-wellness/health-services', 'https://www.upb.pitt.edu/life-at-pitt-bradford/health-and-wellness/health-services/self-care-center']",1
University of Pittsburgh Greensburg,https://www.greensburg.pitt.edu/student-resources/health-services,,,,,,,,,,,,,,,0
University of Pittsburgh Johnstown,https://www.johnstown.pitt.edu/health-and-counseling-services/health-services,,,,,,,,,,,,,,,0
University of Pittsburgh Pittsburgh Campus,https://www.studentaffairs.pitt.edu/shs,,,,,,,,,,,,,,,0
Shippensburg University of Pennsylvania,https://www.ship.edu/health_center,,,,,,,,,,,,,,,0
Slippery Rock University of Pennsylvania,https://www.sru.edu/offices/student-health-services,2,"['https://www.sru.edu/offices/student-health-services/sexual-health-services', 'https://www.sru.edu/offices/student-health-services/health-promotion']",2232,75.37,5.99,8,6,2,0.056,0.564,0.143,"[-1, -1]",1,"['https://www.sru.edu/offices/student-health-services', 'https://www.sru.edu/offices/student-health-services/sexual-health-services']",1
Temple University,https://www.temple.edu/studenthealth,6,"['https://www.temple.edu/studenthealth/Gynecology_Birth_Control.html', 'https://www.temple.edu/studenthealth/Family_Planning_Services_Program.html', 'http://www.temple.edu/studenthealth/Family_Planning_FAQs.html', 'https://www.temple.edu/studenthealth/Gynecology_Emergency_Contraception.html', 'https://www.temple.edu/studenthealth/Sexually_Transmited_Disease_Testing.html', 'https://www.temple.edu/studenthealth/Gynecology_Gardasil.html']",3195,60.67,8.62,20,11,9,0.049,0.538,0.205,"['Tue, 07 Jul 2020 13:08:11 GMT', 'Tue, 07 Jul 2020 13:08:11 GMT', 'Tue, 07 Jul 2020 13:08:11 GMT', 'Tue, 07 Jul 2020 13:08:11 GMT', 'Tue, 07 Jul 2020 13:10:31 GMT', 'Tue, 07 Jul 2020 13:08:11 GMT']",1,"['https://www.temple.edu/studenthealth', 'https://www.temple.edu/studenthealth/Sexually_Transmited_Disease_Testing.html']",1
West Chester University of Pennsylvania,https://www.wcupa.edu/_services/studentHealthServices,5,"['https://www.wcupa.edu/_services/studentHealthServices/contraception.aspx', 'https://www.wcupa.edu/_services/studentHealthServices/ZikaVirus.aspx', 'https://www.wcupa.edu/_services/studentHealthServices/services.aspx']",2511,72.07,6.12,5,3,2,0.03,0.526,0.243,"[-1, 'Tue, 09 Jul 2019 12:46:16 GMT', -1, -1, -1]",2,"['https://www.wcupa.edu/_services/studentHealthServices', 'https://www.wcupa.edu/_services/studentHealthServices/clinical.aspx', 'https://www.wcupa.edu/_services/studentHealthServices/services.aspx']",1
Rhode Island College,http://www.ric.edu/healthservices/Pages,,,,,,,,,,,,,,,0
University of Rhode Island,https://web.uri.edu/healthservices,1,['https://web.uri.edu/healthservices/medical-care/lgbtq-health/'],471,42.55,13.5,2,1,1,0.024,0.479,0.177,[-1],2,"['https://web.uri.edu/healthservices', 'https://web.uri.edu/healthservices/medical-care/', 'https://web.uri.edu/healthservices/medical-care/lgbtq-health/']",1
College of Charleston,https://studenthealth.cofc.edu,10,"['https://studenthealth.cofc.edu/sexual-health/free-condoms.php', 'https://studenthealth.cofc.edu/sexual-health/index.php', 'https://studenthealth.cofc.edu/sexual-health/genital-warts.php', 'https://studenthealth.cofc.edu/sexual-health/mucopurulent-cervicitis-mpc.php', 'https://studenthealth.cofc.edu/sexual-health/gonorrhea.php', 'https://studenthealth.cofc.edu/sexual-health/pelvic-inflammatory-disease-pid.php', 'https://studenthealth.cofc.edu/sexual-health/chlamydia.php?print=1', 'https://studenthealth.cofc.edu/sexual-health/gynecologic-care.php', 'https://studenthealth.cofc.edu/sexual-health/genital-herpes.php']",10641,58.99,8.7,60,33,27,0.097,0.489,0.186,"[-1, -1, -1, -1, -1, -1, -1, -1, -1, -1]",1,"['https://studenthealth.cofc.edu', 'https://studenthealth.cofc.edu/sexual-health/index.php']",1
Clemson University,https://www.clemson.edu/campus-life/student-health,2,"['http://www.clemson.edu/campus-life/student-health/zika.html', 'https://www.clemson.edu/campus-life/student-health/medical/services-and-departments/womens-clinic.html']",2881,68.08,7.58,11,6,5,0.045,0.474,0.247,"[-1, -1]",2,"['https://www.clemson.edu/campus-life/student-health', 'https://www.clemson.edu/campus-life/student-health/medical/index.html', 'https://www.clemson.edu/campus-life/student-health/medical/services-and-departments/womens-clinic.html']",1
Francis Marion University,https://www.fmarion.edu/studentservices,,,,,,,,,,,,,,,0
Lander University,https://www.lander.edu/student-life/wellness-center/health-services,,,,,,,,,,,,,,,0
University of South Carolina Aiken,https://www.usca.edu/student-health-center,1,['https://www.usca.edu/student-health-center/services/sexual-health-services'],676,73.52,6.89,2,2,0,0.045,0.232,0.416,"['Mon, 17 Aug 2020 02:37:04 GMT']",1,"['https://www.usca.edu/student-health-center', 'https://www.usca.edu/student-health-center/services/sexual-health-services']",1
University of South Carolina Columbia,https://sc.edu/about/offices_and_divisions/student_health_services,6,"['https://sc.edu/about/offices_and_divisions/student_health_services/wellness-prevention/sexual-health/index.php', 'https://sc.edu/about/offices_and_divisions/student_health_services/wellness-prevention/sexual-health/postcard3.pdf', 'https://www.sc.edu/about/offices_and_divisions/student_health_services/medical-services/womens-health/index.php', 'https://www.sc.edu/about/offices_and_divisions/student_health_services/about/news-publications/gamecock-health-magazine/gamecock-health-final-2018-19.pdf']",1751,78.52,4.8,8,4,4,0.047,0.561,0.225,"[-1, 'Wed, 27 May 2020 13:41:53 GMT', 'Wed, 27 May 2020 13:41:24 GMT', -1, 'Wed, 27 May 2020 13:38:13 GMT', 'Wed, 27 May 2020 13:41:54 GMT']",1,"['https://sc.edu/about/offices_and_divisions/student_health_services', 'https://sc.edu/about/offices_and_divisions/student_health_services/wellness-prevention/sexual-health/index.php']",1
Coastal Carolina University,https://www.coastal.edu/health,,,,,,,,,,,,,,,0
South Carolina State University,https://www.scsu.edu/studentaffairs,,,,,,,,,,,,,,,0
University of South Carolina Upstate,https://www.uscupstate.edu/campus-life/health-and-safety/health-services,,,,,,,,,,,,,,,0
Winthrop University,https://www.winthrop.edu/hcs,2,"['https://www.winthrop.edu/hcs/sexually-transmitted-infections-stis.aspx', 'https://www.winthrop.edu/hcs/cs-dont-cancel-that-class.aspx']",2734,70.29,6.32,7,4,3,0.043,0.687,0.003,"[-1, -1]",2,"['https://www.winthrop.edu/hcs', 'https://www.winthrop.edu/hcs/cs-request-outreach.aspx', 'https://www.winthrop.edu/hcs/cs-dont-cancel-that-class.aspx']",1
Black Hills State University,https://www.bhsu.edu/Student-Life/Student-Services/Student-Health-Services,,,,,,,,,,,,,,,0
Dakota State University,https://dsu.edu/student-life,,,,,,,,,,,,,,,0
Northern State University,https://www.northern.edu/campus-life/health-services,,,,,,,,,,,,,,,0
South Dakota State University,https://www.sdstate.edu/student-health-clinic-and-counseling-services/student-health-clinic,,,,,,,,,,,,,,,0
University of South Dakota,https://www.usd.edu/student-life/student-health,,,,,,,,,,,,,,,0
Austin Peay State University,https://www.apsu.edu/health-and-counseling/boyd-health-services,,,,,,,,,,,,,,,0
East Tennessee State University,https://www.etsu.edu/nursing/universityhealth,,,,,,,,,,,,,,,0
University of Memphis,https://www.memphis.edu/health,,,,,,,,,,,,,,,0
Middle Tennessee State University,https://www.mtsu.edu/healthservices,2,"['https://www.mtsu.edu/healthservices/std.php', 'https://www.mtsu.edu/healthservices/women/exam.php']",2353,83.43,4.44,9,5,4,0.058,0.511,0.209,"[-1, -1]",2,"['https://www.mtsu.edu/healthservices', 'https://www.mtsu.edu/healthservices/women/index.php', 'https://www.mtsu.edu/healthservices/std.php']",1
The University of Tennessee Chattanooga,https://www.utc.edu/university-health-services,,,,,,,,,,,,,,,0
The University of Tennessee Knoxville,https://studenthealth.utk.edu,,,,,,,,,,,,,,,0
The University of Tennessee Martin,https://www.utm.edu/departments/shcs,,,,,,,,,,,,,,,0
Tennessee State University,http://www.tnstate.edu/campus_life,,,,,,,,,,,,,,,0
Tennessee Technological University,https://www.tntech.edu/healthservices,1,['https://www.tntech.edu/healthservices/faqs.php'],808,81.64,3.99,2,1,1,0.025,0.65,0.141,[-1],1,"['https://www.tntech.edu/healthservices', 'https://www.tntech.edu/healthservices/faqs.php']",1
Angelo State University,https://www.angelo.edu/services/health_clinic_counseling,,,,,,,,,,,,,,,0
Texas A & M University Corpus Christi,https://healthcenter.tamucc.edu,,,,,,,,,,,,,,,0
Texas A&M University Texarkana,https://tamut.edu/Campus-Life/Student-Health-Services,,,,,,,,,,,,,,,0
Texas A & M University Commerce,http://www.tamuc.edu/CampusLife/CampusServices/studentHealthServices,,,,,,,,,,,,,,,0
University of Houston Clear Lake,https://www.uhcl.edu/student-affairs/health-wellness/health-services,,,,,,,,,,,,,,,0
University of Houston Downtown,https://www.uhd.edu/student-life/health/Pages,,,,,,,,,,,,,,,0
University of Houston Victoria,https://www.uhv.edu/counseling/health-services,,,,,,,,,,,,,,,0
University of Houston,https://www.uh.edu/healthcenter,,,,,,,,,,,,,,,0
Lamar University,https://www.lamar.edu/students/student-engagement/student-health-center,,,,,,,,,,,,,,,0
Texas A & M International University,https://www.tamiu.edu/health,2,['https://www.tamiu.edu/health/services.shtml'],524,51.92,8.76,1,1,0,0.02,0.642,0.163,"[-1, 'Sun, 16 Aug 2020 07:00:41 GMT']",1,"['https://www.tamiu.edu/health', 'https://www.tamiu.edu/health/services.shtml']",1
Midwestern State University,https://msutexas.edu/healthcenter,,,,,,,,,,,,,,,0
University of North Texas,https://studentaffairs.unt.edu/student-health-and-wellness-center,10,"['https://studentaffairs.unt.edu/student-health-and-wellness-center/services/condom-club', 'https://studentaffairs.unt.edu/student-health-and-wellness-center/services/health-education', 'https://studentaffairs.unt.edu/student-health-and-wellness-center/services', 'https://studentaffairs.unt.edu/student-health-and-wellness-center/resources/take-precautions-against-zika-virus-when-traveling', 'https://studentaffairs.unt.edu/student-health-and-wellness-center/resources/dont-forget-these-important-items-for-move-in', 'https://studentaffairs.unt.edu/student-health-and-wellness-center/services/meadows-center-health-resources', 'https://studentaffairs.unt.edu/student-health-and-wellness-center/resources/what-to-bring-to-college', 'https://studentaffairs.unt.edu/student-health-and-wellness-center/services/gynecological-health', 'https://studentaffairs.unt.edu/student-health-and-wellness-center/resources/summer-brings-more-mosquitoes-take-necessary-precautions', 'https://studentaffairs.unt.edu/student-health-and-wellness-center/coronavirus-appointment-updates']",9277,65.45,8.26,64,42,22,0.086,0.571,0.085,"['Mon, 17 Aug 2020 02:15:55 GMT', 'Mon, 17 Aug 2020 02:44:58 GMT', 'Mon, 17 Aug 2020 02:11:14 GMT', 'Mon, 17 Aug 2020 02:44:59 GMT', 'Mon, 17 Aug 2020 02:45:00 GMT', 'Mon, 17 Aug 2020 02:45:01 GMT', 'Mon, 17 Aug 2020 01:09:14 GMT', 'Sun, 16 Aug 2020 23:20:54 GMT', 'Mon, 17 Aug 2020 02:45:02 GMT', 'Mon, 17 Aug 2020 02:07:59 GMT']",1,"['https://studentaffairs.unt.edu/student-health-and-wellness-center', 'https://studentaffairs.unt.edu/student-health-and-wellness-center/services/health-education']",1
The University of Texas Rio Grande Valley,https://www.utrgv.edu/health-services,,,,,,,,,,,,,,,0
Prairie View A & M University,https://www.pvamu.edu/healthservices,2,"['https://www.pvamu.edu/healthservices/2019/05/06/panthers-promoting-healthy-decisions/', 'https://www.pvamu.edu/healthservices/medicalservices/health-education/']",1669,62.63,8.65,3,2,1,0.031,0.456,0.328,"[-1, -1]",1,"['https://www.pvamu.edu/healthservices', 'https://www.pvamu.edu/healthservices/health-education/']",1
Sam Houston State University,https://www.shsu.edu/dept/student-health-center,1,['https://www.shsu.edu/dept/student-health-center/services'],2300,53.05,10.15,2,1,1,0.018,0.792,0.083,[-1],1,"['https://www.shsu.edu/dept/student-health-center', 'https://www.shsu.edu/dept/student-health-center/services']",1
Stephen F Austin State University,http://www.sfasu.edu/life-at-sfa/health-safety/health-clinic,,,,,,,,,,,,,,,0
Texas State University,https://www.healthcenter.txstate.edu,3,"['https://www.healthcenter.txstate.edu/SERVICES.html', 'https://www.healthcenter.txstate.edu/SERVICES/STI-Screenings-and-HIV-Testing.html', 'https://www.healthcenter.txstate.edu/HPS/request-presentation.html']",5407,72.76,6.84,19,13,6,0.074,0.528,0.189,"['Wed, 12 Aug 2020 22:10:11 GMT', 'Wed, 12 Aug 2020 19:47:36 GMT', 'Mon, 10 Aug 2020 15:23:05 GMT']",1,"['https://www.healthcenter.txstate.edu', 'https://www.healthcenter.txstate.edu/SERVICES/STI-Screenings-and-HIV-Testing.html']",1
Sul Ross State University,https://www.sulross.edu/page/343/student-health-services,,,,,,,,,,,,,,,0
Tarleton State University,https://www.tarleton.edu/healthservices,,,,,,,,,,,,,,,0
Texas A & M University Kingsville,http://www.tamuk.edu/shw,1,['https://www.tamuk.edu/shw/events.html'],318,83.07,3.83,1,1,0,0.028,0.692,-0.021,"['Wed, 08 Jul 2020 18:39:45 GMT']",1,"['http://www.tamuk.edu/shw', 'http://www.tamuk.edu/shw/_files_SHW/shw/Workshop_Reservation_Form.docx']",1
Texas A & M University College Station,https://shs.tamu.edu,,,,,,,,,,,,,,,0
The University of Texas at Arlington,https://www.uta.edu/healthservices,1,['https://www.uta.edu/healthservices/fees%20and%20services/pharmacy.php'],689,66.53,8.72,2,1,1,0.026,0.588,0.12,[-1],2,"['https://www.uta.edu/healthservices', 'https://www.uta.edu/healthservices/fees%20and%20services/emergency.php', 'https://www.uta.edu/healthservices/fees%20and%20services/pharmacy.php']",1
The University of Texas at Austin,https://www.healthyhorns.utexas.edu,10,"['https://www.healthyhorns.utexas.edu/hs_lube.html', 'https://www.healthyhorns.utexas.edu/HT/HT_RAresources.html', 'https://www.healthyhorns.utexas.edu/hs_playsafe.html', 'https://www.healthyhorns.utexas.edu/ws_sex_sticommunication.html', 'https://www.healthyhorns.utexas.edu/HT/HT_genitalwarts.html', 'https://www.healthyhorns.utexas.edu/sti_HPV.html', 'https://www.healthyhorns.utexas.edu/hs_ring.html', 'http://www.healthyhorns.utexas.edu/trichomoniasis.html', 'https://www.healthyhorns.utexas.edu/hs_pills.html']",9726,74.13,6.21,61,36,25,0.089,0.505,0.177,"[-1, -1, -1, 'Mon, 24 Oct 2016 16:27:00 GMT', -1, -1, -1, -1, -1, -1]",1,"['https://www.healthyhorns.utexas.edu', 'https://www.healthyhorns.utexas.edu/HT/HT_RAresources.html']",1
The University of Texas at Dallas,https://www.utdallas.edu/healthcenter,,,,,,,,,,,,,,,0
The University of Texas at El Paso,https://www.utep.edu/chs/shc,,,,,,,,,,,,,,,0
The University of Texas at Tyler,https://www.uttyler.edu/clinic,1,['https://www.uttyler.edu/clinic/stds.php'],886,89.98,2.58,5,3,2,0.101,0.594,0.169,[-1],1,"['https://www.uttyler.edu/clinic', 'https://www.uttyler.edu/clinic/stds.php']",1
The University of Texas at San Antonio,https://www.utsa.edu/health,10,"['https://www.utsa.edu/health/edu/sexualhealth.html', 'http://www.utsa.edu/health/files/Contraceptive%20(Oral).pdf', 'http://www.utsa.edu/health/files/Chlamydia.pdf', 'http://www.utsa.edu/health/forms/WellWomensClinic.pdf', 'http://www.utsa.edu/health/files/HIV.pdf', 'https://www.utsa.edu/health/resources/']",1692,70.67,6.31,10,6,4,0.077,0.581,0.141,"[-1, -1, -1, -1, -1, -1, -1, -1, -1, -1]",-1,[],1
Texas Southern University,http://www.tsu.edu/students-services/index.html/departments/health-services,,,,,,,,,,,,,,,0
Texas Tech University,https://www.depts.ttu.edu/studenthealth,1,['https://www.depts.ttu.edu/studenthealth/travelhealthquestionnaire/'],1363,88.91,3.18,2,1,1,0.019,0.495,-0.036,[-1],1,"['https://www.depts.ttu.edu/studenthealth', 'https://www.depts.ttu.edu/studenthealth/travelhealthquestionnaire/']",1
Texas Woman's University,https://twu.edu/student-health-services,,,,,,,,,,,,,,,0
West Texas A & M University,https://www.wtamu.edu/student-support/medical-services,1,['https://www.wtamu.edu/student-support/medical-services/patient-education-and-information.html'],2144,77.35,6.11,4,2,2,0.042,0.657,0.093,"['Thu, 13 Aug 2020 14:48:11 GMT']",1,"['https://www.wtamu.edu/student-support/medical-services', 'https://www.wtamu.edu/student-support/medical-services/patient-education-and-information.html']",1
Dixie State University,https://wellness.dixie.edu,1,['https://wellness.dixie.edu/'],901,65.41,6.95,2,1,1,0.031,0.589,0.17,[-1],0,['https://wellness.dixie.edu'],1
Utah State University,https://health.usu.edu,,,,,,,,,,,,,,,0
Utah Valley University,https://www.uvu.edu/studenthealth,,,,,,,,,,,,,,,0
University of Utah,https://studenthealth.utah.edu,1,['https://studenthealth.utah.edu/services/preventive-care.php'],748,85.38,5.11,1,1,0,0.018,0.543,0.004,[-1],1,"['https://studenthealth.utah.edu', 'https://studenthealth.utah.edu/services/preventive-care.php']",1
Weber State University,https://www.weber.edu/healthcenter,,,,,,,,,,,,,,,0
Castleton University,https://www.castleton.edu/campus-life/student-resources/health-wellness,,,,,,,,,,,,,,,0
Lyndon State College,https://www.northernvermont.edu/student-life/student-wellness-and-safety/lyndon-health-and-counseling,,,,,,,,,,,,,,,0
Vermont Technical College,https://www.vtc.edu/student-life/health-services,,,,,,,,,,,,,,,0
University of Vermont,https://www.uvm.edu/health/SHS,,,,,,,,,,,,,,,0
College of William and Mary,https://www.wm.edu/offices/wellness/healthcenter,3,"['https://www.wm.edu/offices/wellness/healthcenter/services/womenshealth/birthcontrol/index.php', 'https://www.wm.edu/offices/wellness/healthcenter/documents/gyn_form.pdf']",1144,87.6,4.62,4,2,2,0.021,0.756,0.081,"[-1, 'Mon, 17 Aug 2020 01:51:03 GMT', 'Mon, 17 Aug 2020 01:51:03 GMT']",3,"['https://www.wm.edu/offices/wellness/healthcenter', 'https://www.wm.edu/offices/wellness/healthcenter/services/index.php', 'https://www.wm.edu/offices/wellness/healthcenter/services/womenshealth/index.php', 'https://www.wm.edu/offices/wellness/healthcenter/services/womenshealth/birthcontrol/index.php']",1
Christopher Newport University,https://cnu.edu/life/health,,,,,,,,,,,,,,,0
George Mason University,https://shs.gmu.edu,7,"['https://shs.gmu.edu/about/condomrequestform/', 'https://shs.gmu.edu/healthed/sexualhealth/', 'https://shs.gmu.edu/healthed/birthcontrol/', 'https://shs.gmu.edu/healthed/sti/', 'https://shs.gmu.edu/about/forms/', 'https://shs.gmu.edu/services/prep/', 'https://shs.gmu.edu/services/womenshealth/']",4576,35.63,12.57,33,20,13,0.075,0.524,0.217,"[-1, -1, -1, -1, -1, -1, -1]",1,"['https://shs.gmu.edu', 'https://shs.gmu.edu/about/forms/']",1
James Madison University,https://www.jmu.edu/healthcenter,1,['https://www.jmu.edu/healthcenter/TheWell/healthy-sexuality/safer-sex-center.shtml'],346,64.85,7.15,2,1,1,0.026,0.611,0.143,[-1],3,"['https://www.jmu.edu/healthcenter', 'https://www.jmu.edu/healthcenter/TheWell/index.shtml', 'https://www.jmu.edu/healthcenter/TheWell/health-education.shtml', 'https://www.jmu.edu/healthcenter/TheWell/healthy-sexuality/safer-sex-center.shtml']",1
Longwood University,http://www.longwood.edu/health,,,,,,,,,,,,,,,0
University of Mary Washington,https://students.umw.edu/healthcenter,7,"['https://students.umw.edu/healthcenter/health-info/selfcare-center/', 'https://students.umw.edu/healthcenter/clinics/womens-clinic/emergency-contraception/', 'https://students.umw.edu/healthcenter/files/2011/08/womens-health-previsit-form.pdf', 'https://students.umw.edu/healthcenter/clinics/womens-clinic/glossary-of-terms/']",2113,59.19,8.53,5,4,1,0.03,0.578,0.135,"[-1, -1, -1, -1, -1, -1, -1]",1,"['https://students.umw.edu/healthcenter', 'https://students.umw.edu/healthcenter/clinics/womens-clinic/emergency-contraception/']",1
Norfolk State University,"https://www.nsu.edu/Campus-Life/Our-Campus,-Our-Home/Health-and-Wellness",,,,,,,,,,,,,,,0
Old Dominion University,https://www.odu.edu/studenthealth,1,['https://www.odu.edu/studenthealth/announcements'],3267,84,5.03,12,7,5,0.065,0.585,0.132,[-1],-1,[],1
Radford University,https://www.radford.edu/content/student-health,,,,,,,,,,,,,,,0
The University of Virginia's College at Wise,https://www.uvawise.edu/student-life/health-services,,,,,,,,,,,,,,,0
Virginia Polytechnic Institute and State University,https://healthcenter.vt.edu,10,"['http://www.healthcenter.vt.edu/content/dam/healthcenter_vt_edu/assets/docs/condomsperm.pdf', 'https://healthcenter.vt.edu/ourservices/HIV-STD_testing_info/std_testing_information.html', 'https://healthcenter.vt.edu/common_health_concerns/publications.html', 'https://www.healthcenter.vt.edu/content/dam/healthcenter_vt_edu/assets/docs/fem_hyg_prev_strategies.pdf', 'https://www.healthcenter.vt.edu/assets/docs/GenitalWarts.pdf', 'https://healthcenter.vt.edu/ourservices/womens_clinic.html']",2962,75.01,5.73,26,15,11,0.111,0.522,0.158,"[-1, -1, -1, 'Mon, 03 Aug 2020 19:15:19 GMT', 'Mon, 03 Aug 2020 18:23:01 GMT', -1, -1, -1, -1, 'Mon, 03 Aug 2020 17:48:31 GMT']",0,['https://healthcenter.vt.edu'],1
Virginia Commonwealth University,https://health.students.vcu.edu,10,"['https://health.students.vcu.edu/patient-resources/sexual-health/free-sexual-health-services/', 'https://health.students.vcu.edu/patient-resources/womens-health/', 'https://health.students.vcu.edu/patient-resources/sexual-health/', 'https://health.students.vcu.edu/media/student-affairs/ushs/docs/CONTRACEPTION-OVERVIEW.pdf', 'https://health.students.vcu.edu/media/student-affairs/ushs/docs/HPV-genitalwarts.pdf', 'https://health.students.vcu.edu/media/student-affairs/ushs/docs/BACTERIALVAGINOSIS.pdf']",1808,78.23,5.83,28,17,11,0.083,0.574,0.169,"['Wed, 06 Jun 2018 11:59:24 GMT', 'Thu, 11 Jun 2020 15:04:39 GMT', 'Thu, 11 Jun 2020 15:04:39 GMT', 'Thu, 11 Jun 2020 15:04:39 GMT', 'Wed, 06 Jun 2018 11:59:24 GMT', 'Wed, 06 Jun 2018 11:59:23 GMT', 'Wed, 06 Jun 2018 11:59:24 GMT', 'Wed, 06 Jun 2018 11:59:24 GMT', 'Wed, 06 Jun 2018 11:59:24 GMT', 'Fri, 27 Mar 2020 15:59:09 GMT']",2,"['https://health.students.vcu.edu', 'https://health.students.vcu.edu/patient-resources/', 'https://health.students.vcu.edu/patient-resources/womens-health/']",1
University of Virginia Main Campus,https://www.studenthealth.virginia.edu,10,"['https://www.studenthealth.virginia.edu/sites/studenthealth.virginia.edu/files/SSJ35.pdf', 'https://www.studenthealth.virginia.edu/sites/studenthealth.virginia.edu/files/Missed%20Pills.pdf', 'https://www.studenthealth.virginia.edu/sites/studenthealth.virginia.edu/files/SSJ%20vol19%20i13.pdf', 'https://www.studenthealth.virginia.edu/wellness-events', 'https://www.studenthealth.virginia.edu/gyn-online-appointment', 'https://www.studenthealth.virginia.edu/outreach-programs-0']",3387,69.7,6.94,8,6,2,0.041,0.512,0.242,"['Thu, 29 Mar 2018 18:22:31 GMT', 'Thu, 01 Jan 1970 00:00:00 GMT', 'Thu, 01 Jan 1970 00:00:00 GMT', 'Thu, 01 Jan 1970 00:00:00 GMT', 'Tue, 31 Oct 2017 15:42:15 GMT', 'Thu, 01 Jan 1970 00:00:00 GMT', 'Thu, 01 Jan 1970 00:00:00 GMT', 'Sun, 16 Aug 2020 16:03:17 GMT', 'Sun, 16 Aug 2020 17:15:16 GMT', 'Sun, 16 Aug 2020 16:03:10 GMT']",0,['https://www.studenthealth.virginia.edu'],1
Virginia State University,http://www.vsu.edu/healthservices,,,,,,,,,,,,,,,0
Central Washington University,https://www.cwu.edu/medical-counseling,,,,,,,,,,,,,,,0
Eastern Washington University,https://inside.ewu.edu/bewell/rockwood-clinic-student-health-services,,,,,,,,,,,,,,,0
The Evergreen State College,https://www.evergreen.edu/health,,,,,,,,,,,,,,,0
Washington State University,https://cougarhealth.wsu.edu,8,"['https://cougarhealth.wsu.edu/2016/11/02/sexual-assault-within-relationships/', 'https://cougarhealth.wsu.edu/tag/sexual-assault/', 'https://cougarhealth.wsu.edu/tag/healthy-relationships/', 'https://cougarhealth.wsu.edu/author/amber-morczek/', 'https://cougarhealth.wsu.edu/tag/violence-prevention/page/2/', 'https://cougarhealth.wsu.edu/news/page/12/', 'https://cougarhealth.wsu.edu/category/health-info/page/4/']",20279,78.39,5.75,2,1,1,0.017,0.433,-0.004,"[-1, -1, -1, -1, -1, -1, -1, -1]",1,"['https://cougarhealth.wsu.edu', 'mailto:?subject=Cougar%20Health%20Services%20%7C%20Washington%20State%20University&body=https://cougarhealth.wsu.edu/']",1
University of Washington Seattle Campus,https://wellbeing.uw.edu,8,"['https://wellbeing.uw.edu/medical/safer-sex-supplies/', 'https://wellbeing.uw.edu/forms-of-birth-control/', 'https://wellbeing.uw.edu/medical/sexual-health/', 'https://wellbeing.uw.edu/medical/sexual-health/safer-sex-supplies-by-mail/', 'https://wellbeing.uw.edu/vaginal-health/', 'https://wellbeing.uw.edu/resources/hepatitis-b/']",9874,77.33,5.68,50,26,24,0.11,0.645,0.157,"[-1, -1, -1, 'Mon, 21 Oct 2019 23:06:20 GMT', 'Wed, 11 Sep 2019 15:39:45 GMT', -1, -1, -1]",1,"['https://wellbeing.uw.edu', 'https://wellbeing.uw.edu/medical/sexual-health/']",1
Western Washington University,https://studenthealth.wwu.edu,2,"['https://studenthealth.wwu.edu/sti-testing', 'https://studenthealth.wwu.edu/birth-control-faq']",742,78.65,5.78,3,2,1,0.04,0.677,0.145,"['Sun, 16 Aug 2020 08:09:29 GMT', 'Sun, 16 Aug 2020 08:09:31 GMT']",2,"['https://studenthealth.wwu.edu', 'https://studenthealth.wwu.edu/clinical-services', 'https://studenthealth.wwu.edu/sti-testing']",1
Bluefield State College,https://bluefieldstate.edu/resources/health-clinic,,,,,,,,,,,,,,,0
Concord University,https://www.concord.edu/studenthealth,1,['https://www.concord.edu/studenthealth'],1516,74.71,5.7,2,1,1,0.021,0.696,0.129,[-1],0,['https://www.concord.edu/studenthealth'],1
Fairmont State University,https://www.fairmontstate.edu/falconcenter/health-services,1,['https://www.fairmontstate.edu/falconcenter/health-services/health-services-womens-health'],684,59.43,9.28,2,1,1,0.027,0.486,0.329,"['Mon, 17 Aug 2020 03:06:46 GMT']",1,"['https://www.fairmontstate.edu/falconcenter/health-services', 'https://www.fairmontstate.edu/falconcenter/health-services/health-services-womens-health']",1
Glenville State College,https://www.glenville.edu/student-life/health-center,,,,,,,,,,,,,,,0
Marshall University,https://www.marshall.edu/studenthealth,,,,,,,,,,,,,,,0
Shepherd University,https://www.shepherd.edu/healthcenter,1,['https://www.shepherd.edu/healthcenter/family-planning'],664,41.24,11.21,2,1,1,0.024,0.66,0.179,[-1],1,"['https://www.shepherd.edu/healthcenter', 'https://www.shepherd.edu/healthcenter/family-planning']",1
West Virginia State University,https://www.wvstateu.edu/current-students,,,,,,,,,,,,,,,0
West Liberty University,https://westliberty.edu/health-services,,,,,,,,,,,,,,,0
West Virginia University Institute of Technology,https://students.wvutech.edu/health-wellness/student-health-clinic,,,,,,,,,,,,,,,0
West Virginia University,https://well.wvu.edu,10,"['https://well.wvu.edu/resources/sexual-health/condom-caravan', 'https://well.wvu.edu/resources/sexual-health/safer-sex', 'https://well.wvu.edu/programs/wellbeing/sexual-health', 'https://well.wvu.edu/', 'https://well.wvu.edu/programs', 'https://well.wvu.edu/peer-education', 'https://well.wvu.edu/resources/sexual-health', 'https://well.wvu.edu/resources/sexual-health/communication', 'https://well.wvu.edu/programs/wellbeing/stress-management/chillfest']",5253,76.16,5.47,28,21,7,0.068,0.49,0.244,"[-1, -1, -1, -1, -1, -1, -1, -1, -1, -1]",0,['https://well.wvu.edu'],1
University of Wisconsin Whitewater,https://www.uww.edu/uhcs,10,"['https://www.uww.edu/uhcs/wellness-information/az/condoms-and-barriers', 'https://www.uww.edu/uhcs/wellness-information/az/birth-control', 'https://www.uww.edu/uhcs/wellness-information/az/sexual-and-reproductive-health', 'https://www.uww.edu/uhcs/appointments', 'https://www.uww.edu/uhcs/wellness-information/az/mens-health', 'https://www.uww.edu/uhcs/wellness-information/az/lgbt-wellness', 'https://www.uww.edu/uhcs/health-services/family-planning-only-services', 'https://www.uww.edu/uhcs/wellness-information/az/hpv', 'https://www.uww.edu/uhcs/wellness-information/az/womens-health', 'https://www.uww.edu/uhcs/wellness-information/az/back-pain']",9214,77.47,5.77,55,41,14,0.122,0.521,0.152,"[-1, -1, -1, -1, -1, -1, -1, -1, -1, -1]",1,"['https://www.uww.edu/uhcs', 'https://www.uww.edu/uhcs/appointments']",1
University of Wisconsin Eau Claire,https://www.uwec.edu/student-health-service,4,"['https://www.uwec.edu/student-health-service/health-promotion/swat/', 'https://www.uwec.edu/student-health-service/', 'https://www.uwec.edu/student-health-service/services/', 'https://www.uwec.edu/student-health-service/health-clinic/family-planning-only-services/']",4805,74.65,6,26,14,12,0.076,0.52,0.221,"['Mon, 17 Aug 2020 03:08:33 GMT', 'Mon, 17 Aug 2020 03:08:33 GMT', 'Mon, 17 Aug 2020 03:08:34 GMT', 'Mon, 17 Aug 2020 03:08:34 GMT']",0,['https://www.uwec.edu/student-health-service'],1
University of Wisconsin Green Bay,https://www.uwgb.edu/wellness-center,,,,,,,,,,,,,,,0
University of Wisconsin La Crosse,https://www.uwlax.edu/student-health-center,3,"['https://www.uwlax.edu/student-health-center/contraceptive-details/', 'https://www.uwlax.edu/student-health-center/fees--costs/', 'https://www.uwlax.edu/student-health-center/services/']",5637,83.26,4.29,7,4,3,0.055,0.534,0.172,"[-1, -1, -1]",1,"['https://www.uwlax.edu/student-health-center', 'https://www.uwlax.edu/student-health-center/services/']",1
University of Wisconsin Oshkosh,https://uwosh.edu/studenthealth,3,"['https://uwosh.edu/studenthealth/medical-care/', 'https://uwosh.edu/studenthealth/wp-content/uploads/sites/26/2016/09/HIGHLIGHTS-UWO-NCHA-spring-2015-data.pdf']",1479,88.61,3.68,2,1,1,0.02,0.614,0.227,"[-1, 'Mon, 26 Mar 2018 14:10:24 GMT', 'Mon, 26 Mar 2018 14:10:18 GMT']",1,"['https://uwosh.edu/studenthealth', 'https://uwosh.edu/studenthealth/medical-care/']",1
University of Wisconsin Parkside,https://www.uwp.edu/live/services/studenthealth,2,"['https://www.uwp.edu/live/services/studenthealth/healthservices.cfm', 'https://www.uwp.edu/live/services/studenthealth/servicemedfees.cfm']",3295,79.9,4.79,4,2,2,0.026,0.652,0.088,"[-1, -1]",1,"['https://www.uwp.edu/live/services/studenthealth', 'https://www.uwp.edu/live/services/studenthealth/healthservices.cfm']",1
University of Wisconsin Stout,https://www.uwstout.edu/life-stout/student-services/student-health-services,,,,,,,,,,,,,,,0
University of Wisconsin Superior,https://www.uwsuper.edu/shcs,2,"['https://www.uwsuper.edu/shcs/physicalhealth/arcw.cfm', 'https://www.uwsuper.edu/shcs/physicalhealth/hcc.cfm']",1567,80.01,4.82,4,2,2,0.031,0.476,0.355,"[-1, -1]",1,"['https://www.uwsuper.edu/shcs', 'https://www.uwsuper.edu/shcs/physicalhealth/hcc.cfm']",1
University of Wisconsin Madison,https://www.uhs.wisc.edu,,,,,,,,,,,,,,,0
University of Wisconsin Milwaukee,https://uwm.edu/norris,,,,,,,,,,,,,,,0
University of Wisconsin Platteville,https://www.uwplatt.edu/university-services,,,,,,,,,,,,,,,0
University of Wisconsin River Falls,https://www.uwrf.edu/StudentHealthAndCounseling/StudentHealthServices,1,['https://www.uwrf.edu/StudentHealthAndCounseling/StudentHealthServices/PCRHS.cfm'],764,74.45,5.71,6,3,3,0.053,0.61,0.148,[-1],1,"['https://www.uwrf.edu/StudentHealthAndCounseling/StudentHealthServices', 'https://www.uwrf.edu/StudentHealthAndCounseling/StudentHealthServices/PCRHS.cfm']",1
University of Wisconsin Stevens Point,https://www.uwsp.edu/stuhealth/Pages,10,"['https://www.uwsp.edu/stuhealth/Pages/Condom-Fairy-Sign-Up.aspx', 'https://www.uwsp.edu/stuhealth/Pages/WhoWeAre.aspx', 'https://www.uwsp.edu/stuhealth/Pages/HPV2.aspx', 'https://www.uwsp.edu/stuhealth/Pages/HPV1.aspx', 'https://www.uwsp.edu/stuhealth/Pages/Health%20Information/Sexual-Health.aspx', 'https://www.uwsp.edu/stuhealth/Pages/Health%20Information/LGBTQ.aspx', 'https://www.uwsp.edu/stuhealth/Pages/Health%20Information/Transgender-Care.aspx', 'https://www.uwsp.edu/stuhealth/Pages/STI.aspx', 'https://www.uwsp.edu/stuhealth/Pages/Patient%20Information/Family-Planning.aspx', 'https://www.uwsp.edu/stuhealth/Pages/Health%20Information/General%20Health%20Information.aspx']",9917,69.88,7.16,100,70,30,0.12,0.524,0.228,"['Mon, 17 Aug 2020 03:11:07 GMT', 'Mon, 17 Aug 2020 03:11:07 GMT', 'Mon, 17 Aug 2020 03:11:08 GMT', 'Mon, 17 Aug 2020 03:11:08 GMT', 'Mon, 17 Aug 2020 03:11:08 GMT', 'Mon, 17 Aug 2020 03:11:09 GMT', 'Mon, 17 Aug 2020 03:11:09 GMT', 'Mon, 17 Aug 2020 03:11:09 GMT', 'Mon, 17 Aug 2020 03:11:10 GMT', 'Mon, 17 Aug 2020 03:11:10 GMT']",1,"['https://www.uwsp.edu/stuhealth/Pages', 'https://www.uwsp.edu/stuhealth/Pages/Health%20Information/LGBTQ.aspx']",1
University of Wyoming,http://www.uwyo.edu/shser,,,,,,,,,,,,,,,0
Purdue University Main Campus,https://www.purdue.edu/push,,,,,,,,,,,,,,,0
New College of Florida,https://www.ncf.edu/cwc/student-health-services,,,,,,,,,,,,,,,0
Pennsylvania College of Technology,https://www.pct.edu/campus-life/college-health-services,1,['https://www.pct.edu/campus-life/college-health-services'],1167,70.49,6.2,1,1,0,0.023,0.495,0.047,"['Sun, 16 Aug 2020 17:10:56 GMT']",0,['https://www.pct.edu/campus-life/college-health-services'],1
California State University San Marcos,https://www.csusm.edu/shcs,8,"['https://www.csusm.edu/shcs/fpact/services.html', 'https://www.csusm.edu/shcs/medicalservices/women.html', 'https://www.csusm.edu/shcs/generalinfo/generalinfo-file/healthhistory2019.pdf', 'http://www.csusm.edu/shcs/medicalservices/medicalservice-files/thepatchfactsheet.doc']",870,78.27,4.6,4,2,2,0.034,0.496,0.275,"[-1, -1, 'Thu, 14 Sep 2017 15:56:46 GMT', 'Thu, 14 Sep 2017 15:56:45 GMT', 'Mon, 16 Sep 2019 23:10:07 GMT', 'Thu, 14 Sep 2017 15:56:44 GMT', 'Thu, 14 Sep 2017 15:56:47 GMT', -1]",1,"['https://www.csusm.edu/shcs', 'https://www.csusm.edu/shcs/medicalservices/women.html']",1
University of Washington Tacoma Campus,https://www.tacoma.uw.edu/student-health-services,1,['https://www.tacoma.uw.edu/student-health-services/sexually-transmitted-diseases-stds'],1430,73.94,7.13,4,2,2,0.034,0.285,0.314,"['Mon, 17 Aug 2020 03:13:59 GMT']",-1,[],1
Arizona State University West,https://eoss.asu.edu/health,,,,,,,,,,,,,,,0
California State University Monterey Bay,https://csumb.edu/health,1,['https://csumb.edu/health/medical-services-available-chc/'],507,62.77,9.83,2,1,1,0.023,0.487,0.066,[-1],1,"['https://csumb.edu/health', 'https://csumb.edu/health/medical-services-available-chc']",1
Arizona State University Polytechnic,https://eoss.asu.edu/health,,,,,,,,,,,,,,,0
Florida Gulf Coast University,https://www.fgcu.edu/studentlife/studenthealth,,,,,,,,,,,,,,,0
California State University Channel Islands,https://www.csuci.edu/studenthealth,3,"['https://www.csuci.edu/studenthealth/resources.htm', 'https://www.csuci.edu/studenthealth/our-services.htm']",561,19.39,15.69,2,1,1,0.035,0.775,0.07,"[-1, -1, 'Tue, 26 May 2020 15:19:58 GMT']",1,"['https://www.csuci.edu/studenthealth', 'https://www.csuci.edu/studenthealth/resources.htm']",1
University of California Merced,https://health.ucmerced.edu,8,"['https://health.ucmerced.edu/services/mens-health', 'https://health.ucmerced.edu/news/2018/pre-exposure-prophylaxis-prep-hiv-prevention', 'https://health.ucmerced.edu/services/womens-health', 'https://health.ucmerced.edu/sites/health.ucmerced.edu/files/page/documents/ncha_2008_survey_0.pdf', 'https://health.ucmerced.edu/sites/health.ucmerced.edu/files/page/documents/fall_2011_ncha.pdf']",4245,80.12,5.98,36,22,14,0.072,0.554,0.214,"['Mon, 17 Aug 2020 03:14:44 GMT', 'Mon, 17 Aug 2020 03:14:45 GMT', 'Wed, 26 Apr 2017 17:09:14 GMT', 'Mon, 17 Aug 2020 01:50:48 GMT', 'Thu, 01 Mar 2018 23:30:28 GMT', 'Thu, 01 Mar 2018 23:29:14 GMT', 'Thu, 01 Mar 2018 23:30:14 GMT', 'Thu, 01 Mar 2018 23:29:52 GMT']",1,"['https://health.ucmerced.edu', 'https://health.ucmerced.edu/services/womens-health']",1
Georgia Gwinnett College,https://www.ggc.edu/student-life/student-services/health-services,1,['https://www.ggc.edu/student-life/student-services/health-services/'],1650,58.57,8.19,4,2,2,0.028,0.628,0.098,[-1],1,"['https://www.ggc.edu/student-life/student-services/health-services', 'https://www.ggc.edu/student-life/student-services/health-services/']",1
University of South Florida St Petersburg,https://www.usf.edu/student-affairs/student-health-services,10,"['https://www.usf.edu/student-affairs/student-health-services/services/sexualhealth.aspx', 'https://www.usf.edu/student-affairs/student-health-services/services/sti-information/genital-herpes.aspx', 'https://www.usf.edu/student-affairs/student-health-services/services/sti-information/syphilis.aspx', 'https://www.usf.edu/student-affairs/student-health-services/services/prevent-hpv.aspx', 'https://www.usf.edu/student-affairs/student-health-services/services/sti-information/gonorrhea.aspx', 'https://www.usf.edu/student-affairs/student-health-services/services/contraceptives.aspx', 'https://www.usf.edu/student-affairs/student-health-services/services/sti-information/chlamydia.aspx', 'https://www.usf.edu/student-affairs/student-health-services/services/sti-information/hpv.aspx', 'https://www.usf.edu/student-affairs/student-health-services/services/sti-information/hiv.aspx']",5924,83.13,4.51,23,14,9,0.062,0.544,0.124,"[-1, -1, -1, -1, -1, -1, -1, 'Mon, 17 Feb 2014 14:44:26 GMT', -1, -1]",2,"['https://www.usf.edu/student-affairs/student-health-services', 'https://www.usf.edu/student-affairs/student-health-services/services/index.aspx', 'https://www.usf.edu/student-affairs/student-health-services/services/sexualhealth.aspx']",1
University of South Florida Sarasota Manatee,https://www.sarasotamanatee.usf.edu/campus-life/health-and-safety/counseling-and-wellness-center,,,,,,,,,,,,,,,0
Augusta University,https://www.augusta.edu/shs,7,"['https://www.augusta.edu/shs/safe_sex_supplies.php', 'https://www.augusta.edu/shs/mens-sexual-health.php', 'https://www.augusta.edu/shs/birth-control-methods.php', 'https://www.augusta.edu/shs/onlineresources.php', 'https://www.augusta.edu/shs/blog.php', 'https://www.augusta.edu/shs/womens-health.php']",12347,79.1,4.74,41,28,13,0.08,0.514,0.16,"[-1, 'Tue, 26 Feb 2019 16:20:34 GMT', -1, -1, -1, -1, -1]",2,"['https://www.augusta.edu/shs', 'https://www.augusta.edu/shs/flu.php', 'https://www.augusta.edu/shs/onlineresources.php']",1
Middle Georgia State University,https://www.mga.edu/health-clinic,1,['https://www.mga.edu/health-clinic/health-topics.php'],5779,56.73,10.35,7,4,3,0.052,0.468,0.172,[-1],1,"['https://www.mga.edu/health-clinic', 'https://www.mga.edu/health-clinic/health-topics.php']",1
University of North Georgia,https://ung.edu/student-health-services,,,,,,,,,,,,,,,0
University of North Texas at Dallas,https://studentaffairs.unt.edu/student-health-and-wellness-center,10,"['https://studentaffairs.unt.edu/student-health-and-wellness-center/services/condom-club', 'https://studentaffairs.unt.edu/student-health-and-wellness-center/services/health-education', 'https://studentaffairs.unt.edu/student-health-and-wellness-center/services', 'https://studentaffairs.unt.edu/student-health-and-wellness-center/resources/take-precautions-against-zika-virus-when-traveling', 'https://studentaffairs.unt.edu/student-health-and-wellness-center/resources/dont-forget-these-important-items-for-move-in', 'https://studentaffairs.unt.edu/student-health-and-wellness-center/services/meadows-center-health-resources', 'https://studentaffairs.unt.edu/student-health-and-wellness-center/resources/what-to-bring-to-college', 'https://studentaffairs.unt.edu/student-health-and-wellness-center/services/gynecological-health', 'https://studentaffairs.unt.edu/student-health-and-wellness-center/resources/summer-brings-more-mosquitoes-take-necessary-precautions', 'https://studentaffairs.unt.edu/student-health-and-wellness-center/coronavirus-appointment-updates']",9277,65.45,8.26,64,42,22,0.086,0.571,0.085,"['Mon, 17 Aug 2020 02:15:55 GMT', 'Mon, 17 Aug 2020 02:44:58 GMT', 'Mon, 17 Aug 2020 02:11:14 GMT', 'Mon, 17 Aug 2020 02:44:59 GMT', 'Mon, 17 Aug 2020 02:45:00 GMT', 'Mon, 17 Aug 2020 02:45:01 GMT', 'Mon, 17 Aug 2020 02:45:01 GMT', 'Mon, 17 Aug 2020 02:45:01 GMT', 'Mon, 17 Aug 2020 02:45:02 GMT', 'Mon, 17 Aug 2020 02:07:59 GMT']",1,"['https://studentaffairs.unt.edu/student-health-and-wellness-center', 'https://studentaffairs.unt.edu/student-health-and-wellness-center/services/health-education']",1
Kennesaw State University,https://studenthealth.kennesaw.edu,,,,,,,,,,,,,,,0
Purdue University Northwest,https://www.pnw.edu/health-care-facilities,,,,,,,,,,,,,,,0